[1] 38382     9
[1] TRUE
[1] 38382     6
  0:     93960.728:  1.15470 0.448482 0.448482  2.35973 -0.148075 -0.159506 -0.151796 -0.190745 -0.178101 -0.190389 -0.153799 -0.145555 -0.172338 -0.183476 -0.143132 -0.0572361 0.0791981 0.262772 0.291468 -0.161267 -0.206815
  1:     62923.707: 0.183438 0.440184 0.472118  2.31283 -0.151245 -0.162782 -0.154785 -0.194166 -0.181596 -0.194077 -0.157502 -0.149381 -0.176918 -0.188262 -0.145403 0.0786008 -0.101919 0.253000 0.267176 -0.163572 -0.248420
  2:     62031.371: 0.0223266 0.425550 0.636844  2.38892 -0.119082 -0.160866 -0.152692 -0.191976 -0.179374 -0.191739 -0.154941 -0.146657 -0.174130 -0.185288 -0.141926 -0.0827844 0.174100 0.255424 0.268103 -0.164230 -0.250441
  3:     57744.175: 0.181639 0.415856 0.596809  2.37356 -0.124015 -0.161433 -0.153239 -0.192582 -0.179983 -0.192372 -0.155600 -0.147351 -0.174906 -0.186075 -0.142853 -0.0169663 0.0796598 0.253812 0.266251 -0.164684 -0.253635
  4:     56550.600: 0.122676 0.408565 0.437784  2.30598 -0.150993 -0.163292 -0.155133 -0.194649 -0.182063 -0.194543 -0.157919 -0.149801 -0.177550 -0.188808 -0.146092 -0.0923609 0.0526649 0.249869 0.265352 -0.164536 -0.256659
  5:     56356.214: 0.117423 0.399584 0.432280  2.30743 -0.150870 -0.163156 -0.154934 -0.194492 -0.181893 -0.194353 -0.157697 -0.149555 -0.177349 -0.188553 -0.145920 -0.0665871 0.0289841 0.249535 0.267217 -0.164280 -0.256291
  6:     56307.592: 0.125808 0.371175 0.414717  2.31290 -0.150395 -0.162632 -0.154159 -0.193884 -0.181239 -0.193617 -0.156834 -0.148597 -0.176572 -0.187564 -0.145265 -0.0676071 0.0384822 0.248208 0.274474 -0.163296 -0.255149
  7:     56290.067: 0.116601 0.369324 0.412881  2.31341 -0.150340 -0.162565 -0.154039 -0.193802 -0.181148 -0.193513 -0.156703 -0.148449 -0.176468 -0.187419 -0.145177 -0.0642985 0.0359401 0.247868 0.275509 -0.163172 -0.255346
  8:     56289.580: 0.123172 0.366190 0.406349  2.31336 -0.150723 -0.162429 -0.153761 -0.193628 -0.180955 -0.193284 -0.156406 -0.148110 -0.176251 -0.187093 -0.145011 -0.0625431 0.0341968 0.246936 0.278099 -0.162849 -0.255968
  9:     56283.101: 0.118263 0.365384 0.405799  2.31371 -0.150679 -0.162379 -0.153667 -0.193566 -0.180886 -0.193205 -0.156305 -0.147995 -0.176172 -0.186982 -0.144944 -0.0631439 0.0353562 0.246680 0.278852 -0.162755 -0.256186
 10:     56279.675: 0.119113 0.359392 0.401485  2.31633 -0.150340 -0.161985 -0.152922 -0.193073 -0.180345 -0.192575 -0.155502 -0.147083 -0.175555 -0.186098 -0.144416 -0.0630651 0.0395026 0.244625 0.284737 -0.162023 -0.258057
 11:     56278.648: 0.117300 0.359557 0.401197  2.31638 -0.150293 -0.161925 -0.152768 -0.192988 -0.180250 -0.192458 -0.155341 -0.146897 -0.175451 -0.185929 -0.144330 -0.0606810 0.0372973 0.244064 0.285768 -0.161915 -0.259018
 12:     56277.999: 0.119129 0.360083 0.398805  2.31540 -0.150701 -0.161872 -0.152604 -0.192910 -0.180159 -0.192343 -0.155175 -0.146701 -0.175358 -0.185756 -0.144268 -0.0621994 0.0375064 0.243356 0.287079 -0.161763 -0.260116
 13:     56277.274: 0.117712 0.359644 0.401595  2.31660 -0.150154 -0.161776 -0.152405 -0.192784 -0.180021 -0.192182 -0.154963 -0.146459 -0.175203 -0.185529 -0.144122 -0.0612470 0.0384886 0.242851 0.288124 -0.161670 -0.261199
 14:     56276.582: 0.118126 0.360574 0.396370  2.31419 -0.151058 -0.161638 -0.151971 -0.192576 -0.179781 -0.191879 -0.154524 -0.145944 -0.174958 -0.185076 -0.143954 -0.0620302 0.0360588 0.241077 0.291325 -0.161330 -0.264297
 15:     56275.979: 0.120125 0.359708 0.400205  2.31544 -0.150603 -0.161351 -0.151351 -0.192200 -0.179367 -0.191388 -0.153873 -0.145199 -0.174500 -0.184383 -0.143554 -0.0633661 0.0397372 0.239504 0.295079 -0.160946 -0.267397
 16:     56272.634: 0.118557 0.359676 0.400700  2.31528 -0.150107 -0.161091 -0.150658 -0.191828 -0.178950 -0.190880 -0.153161 -0.144377 -0.174062 -0.183649 -0.143188 -0.0604979 0.0371668 0.237476 0.298624 -0.160788 -0.272692
 17:     56272.163: 0.118106 0.359747 0.400701  2.31537 -0.150065 -0.161042 -0.150551 -0.191763 -0.178879 -0.190795 -0.153049 -0.144249 -0.173984 -0.183531 -0.143121 -0.0612944 0.0381444 0.237251 0.299231 -0.160758 -0.273249
 18:     56271.341: 0.119907 0.359916 0.400572  2.31580 -0.149801 -0.160737 -0.149880 -0.191362 -0.178436 -0.190271 -0.152352 -0.143454 -0.173504 -0.182798 -0.142709 -0.0606289 0.0384232 0.235855 0.302946 -0.160597 -0.276812
 19:     56269.863: 0.117727 0.359541 0.400268  2.31531 -0.150011 -0.160399 -0.149171 -0.190928 -0.177962 -0.189715 -0.151624 -0.142629 -0.172991 -0.182037 -0.142274 -0.0599970 0.0372968 0.234960 0.306584 -0.160557 -0.280159
 20:     56268.692: 0.118919 0.358989 0.400869  2.31462 -0.149648 -0.160128 -0.148550 -0.190566 -0.177567 -0.189247 -0.150999 -0.141922 -0.172582 -0.181407 -0.141920 -0.0621698 0.0387676 0.234414 0.308605 -0.160983 -0.284526
 21:     56267.276: 0.118442 0.359141 0.400581  2.31454 -0.149556 -0.159706 -0.147726 -0.190038 -0.176996 -0.188587 -0.150154 -0.140974 -0.171965 -0.180529 -0.141381 -0.0607529 0.0374820 0.233985 0.312209 -0.161300 -0.288203
 22:     56265.425: 0.118783 0.361330 0.399898  2.31593 -0.148687 -0.158659 -0.145865 -0.188766 -0.175636 -0.187046 -0.148243 -0.138862 -0.170493 -0.178546 -0.140053 -0.0612514 0.0401864 0.234461 0.319474 -0.162853 -0.294959
 23:     56262.113: 0.119758 0.356592 0.400960  2.31152 -0.148174 -0.156911 -0.142515 -0.186605 -0.173310 -0.184384 -0.144875 -0.135127 -0.168059 -0.175144 -0.137904 -0.0629748 0.0365236 0.234612 0.330865 -0.166754 -0.311920
 24:     56261.874: 0.116404 0.357783 0.400824  2.31210 -0.148052 -0.156794 -0.142340 -0.186470 -0.173168 -0.184227 -0.144691 -0.134926 -0.167900 -0.174947 -0.137755 -0.0624429 0.0369378 0.234686 0.331771 -0.166850 -0.312076
 25:     56260.900: 0.118226 0.358072 0.400776  2.31228 -0.148005 -0.156750 -0.142272 -0.186418 -0.173113 -0.184167 -0.144620 -0.134848 -0.167839 -0.174871 -0.137699 -0.0622608 0.0370664 0.234713 0.332100 -0.166896 -0.312179
 26:     56260.229: 0.118713 0.359902 0.400552  2.31341 -0.147686 -0.156446 -0.141801 -0.186065 -0.172739 -0.183753 -0.144128 -0.134312 -0.167427 -0.174352 -0.137317 -0.0612915 0.0380567 0.234893 0.334314 -0.167250 -0.313056
 27:     56260.104: 0.117956 0.359867 0.400570  2.31346 -0.147618 -0.156383 -0.141695 -0.185990 -0.172660 -0.183664 -0.144020 -0.134194 -0.167342 -0.174241 -0.137239 -0.0611763 0.0380959 0.234925 0.334710 -0.167376 -0.313462
 28:     56259.984: 0.118644 0.359827 0.400577  2.31350 -0.147543 -0.156313 -0.141577 -0.185907 -0.172571 -0.183565 -0.143900 -0.134063 -0.167249 -0.174119 -0.137153 -0.0610932 0.0381659 0.234963 0.335143 -0.167519 -0.313921
 29:     56259.704: 0.117915 0.359806 0.400635  2.31346 -0.147257 -0.156101 -0.141259 -0.185665 -0.172319 -0.183291 -0.143583 -0.133725 -0.166986 -0.173803 -0.136905 -0.0609989 0.0383038 0.235534 0.335844 -0.168251 -0.315057
 30:     56248.015: 0.119173 0.359644 0.406490  2.30563 -0.120743 -0.138051 -0.116161 -0.165597 -0.151530 -0.161137 -0.118745 -0.107810 -0.145609 -0.149519 -0.116231 -0.0573850 0.0432364 0.302503 0.372750 -0.242355 -0.394616
 31:     56246.434: 0.117125 0.359889 0.404805  2.30668 -0.120625 -0.137872 -0.115978 -0.165414 -0.151338 -0.160938 -0.118541 -0.107597 -0.145389 -0.149285 -0.116019 -0.0558907 0.0420587 0.302157 0.374968 -0.242507 -0.393609
 32:     56245.547: 0.120040 0.359967 0.403729  2.30728 -0.120370 -0.137585 -0.115653 -0.165115 -0.151027 -0.160615 -0.118202 -0.107249 -0.145054 -0.148928 -0.115693 -0.0568340 0.0427264 0.302260 0.377238 -0.243242 -0.393245
 33:     56244.164: 0.117627 0.359958 0.403359  2.30730 -0.119885 -0.137128 -0.115108 -0.164633 -0.150528 -0.160098 -0.117653 -0.106687 -0.144535 -0.148375 -0.115184 -0.0570728 0.0420556 0.303178 0.379484 -0.244888 -0.393803
 34:     56242.771: 0.119297 0.359891 0.402949  2.30698 -0.118664 -0.136016 -0.113773 -0.163458 -0.149315 -0.158839 -0.116317 -0.105322 -0.143281 -0.147043 -0.113951 -0.0580066 0.0409121 0.305802 0.384256 -0.249055 -0.395683
 35:     56240.607: 0.117478 0.359803 0.403331  2.30526 -0.116124 -0.133731 -0.111069 -0.161054 -0.146846 -0.156288 -0.113632 -0.102595 -0.140750 -0.144393 -0.111451 -0.0600528 0.0389908 0.312005 0.392486 -0.257891 -0.400458
 36:     56237.538: 0.119516 0.359639 0.404507  2.29860 -0.111221 -0.128776 -0.105824 -0.156010 -0.141738 -0.151137 -0.108462 -0.0974709 -0.135593 -0.139328 -0.106284 -0.0617629 0.0365519 0.325315 0.408391 -0.275135 -0.410452
 37:     56234.364: 0.117167 0.359277 0.403999  2.28240 -0.108070 -0.122118 -0.101805 -0.150056 -0.136073 -0.146046 -0.104606 -0.0942535 -0.130185 -0.135563 -0.100513 -0.0579334 0.0402449 0.339169 0.425539 -0.283533 -0.417753
 38:     56231.732: 0.118936 0.358779 0.402718  2.28083 -0.103162 -0.113563 -0.0963973 -0.142344 -0.128816 -0.139473 -0.0992188 -0.0893871 -0.123243 -0.129970 -0.0931853 -0.0638297 0.0362919 0.357134 0.438999 -0.277546 -0.428093
 39:     56230.301: 0.117651 0.359410 0.401973  2.27890 -0.0948689 -0.105976 -0.0888601 -0.134861 -0.121425 -0.132152 -0.0916537 -0.0816493 -0.116393 -0.122497 -0.0863855 -0.0607656 0.0336425 0.364677 0.447254 -0.290886 -0.443360
 40:     56225.998: 0.119001 0.359853 0.400626  2.27021 -0.0875570 -0.0998596 -0.0824982 -0.128909 -0.115472 -0.126207 -0.0851762 -0.0748018 -0.111377 -0.116217 -0.0815617 -0.0590035 0.0403063 0.348331 0.454931 -0.307736 -0.447965
 41:     56225.845: 0.118204 0.359757 0.400598  2.27024 -0.0875378 -0.0998307 -0.0824523 -0.128875 -0.115436 -0.126166 -0.0851290 -0.0747510 -0.111332 -0.116166 -0.0815197 -0.0589052 0.0401108 0.348374 0.455129 -0.307662 -0.448101
 42:     56225.761: 0.118539 0.359544 0.400523  2.27030 -0.0874876 -0.0997554 -0.0823333 -0.128787 -0.115341 -0.126060 -0.0850064 -0.0746193 -0.111216 -0.116032 -0.0814112 -0.0589128 0.0398818 0.348487 0.455640 -0.307472 -0.448452
 43:     56225.614: 0.117983 0.359443 0.400559  2.27024 -0.0872216 -0.0995738 -0.0819125 -0.128538 -0.115060 -0.125721 -0.0845778 -0.0741484 -0.110857 -0.115582 -0.0810852 -0.0592705 0.0397444 0.349023 0.456351 -0.307699 -0.449100
 44:     56222.925: 0.119024 0.358958 0.404224  2.26350 -0.0756230 -0.0927603 -0.0652368 -0.118957 -0.104137 -0.112462 -0.0676913 -0.0556292 -0.0969282 -0.0981204 -0.0684509 -0.0670531 0.0327581 0.372458 0.473080 -0.326375 -0.466717
 45:     56221.258: 0.115896 0.358833 0.402669  2.24048 -0.0653166 -0.0807718 -0.0509695 -0.106094 -0.0908742 -0.0986950 -0.0538964 -0.0421902 -0.0824481 -0.0848587 -0.0539611 -0.0600940 0.0346464 0.397299 0.492209 -0.336288 -0.479517
 46:     56216.747: 0.120269 0.357995 0.401940  2.21992 -0.0505327 -0.0601108 -0.0382256 -0.0872727 -0.0731121 -0.0830402 -0.0423075 -0.0330299 -0.0671317 -0.0750448 -0.0369611 -0.0596613 0.0389634 0.415061 0.509576 -0.338894 -0.491514
 47:     56213.663: 0.117562 0.359408 0.400396  2.22081 -0.0270444 -0.0315593 -0.0297491 -0.0649250 -0.0538539 -0.0687389 -0.0337655 -0.0262074 -0.0558622 -0.0657524 -0.0237124 -0.0620878 0.0364769 0.395601 0.514836 -0.349618 -0.506426
 48:     56211.703: 0.118770 0.358762 0.399635  2.20566 -0.0213956 -0.0322815 -0.00990230 -0.0611806 -0.0473496 -0.0564485 -0.0106540 0.00337626 -0.0414125 -0.0378880 -0.0141535 -0.0593742 0.0382175 0.402696 0.523961 -0.364782 -0.514468
 49:     56210.580: 0.116751 0.358336 0.400158  2.18299 -0.00900509 -0.0248552 0.00890619 -0.0481476 -0.0321983 -0.0395987 0.00295820 0.0104077 -0.0239337 -0.0377436 0.00710131 -0.0579595 0.0416209 0.427216 0.540909 -0.367272 -0.525698
 50:     56210.366: 0.120283 0.358643 0.401060  2.17630 -4.48814e-05 -0.0124763 0.0119507 -0.0378502 -0.0232903 -0.0335564 0.00454301 0.0103624 -0.0194786 -0.0340487 0.0129228 -0.0570096 0.0408500 0.436739 0.548186 -0.373380 -0.534106
 51:     56209.300: 0.118031 0.358688 0.401057  2.17505 0.00286052 -0.00441594 0.0103137 -0.0331237 -0.0201835 -0.0327240 0.00415856 0.0117957 -0.0195008 -0.0276151 0.0120244 -0.0573103 0.0411278 0.441359 0.550207 -0.377235 -0.537455
 52:     56209.070: 0.118592 0.359107 0.399927  2.17963 0.00494767 -0.00103417 0.0107093 -0.0326518 -0.0201220 -0.0314219 0.00912088 0.0178111 -0.0145398 -0.0324909 0.0163163 -0.0582385 0.0405904 0.440130 0.549518 -0.381388 -0.542243
 53:     56208.734: 0.117804 0.359782 0.400287  2.17761 0.00924223 -0.00122247 0.0152922 -0.0299085 -0.0164495 -0.0279416 0.00922610 0.0150255 -0.0154928 -0.0245273 0.0173813 -0.0586241 0.0396397 0.437621 0.555051 -0.381000 -0.546961
 54:     56208.704: 0.119323 0.359215 0.400274  2.17519 0.0111946 0.00509136 0.0159992 -0.0242980 -0.0120396 -0.0262683 0.00860272 0.0166837 -0.0154375 -0.0177399 0.0159361 -0.0588352 0.0398521 0.441120 0.558968 -0.385465 -0.549446
 55:     56208.431: 0.118057 0.358852 0.400423  2.17339 0.0116912 0.00822457 0.0161563 -0.0220733 -0.0104862 -0.0255794 0.00955288 0.0191599 -0.0136791 -0.0178656 0.0166663 -0.0586259 0.0398069 0.443376 0.560865 -0.388641 -0.550129
 56:     56208.322: 0.118439 0.358986 0.400626  2.17111 0.0131811 0.00803397 0.0168076 -0.0233490 -0.0114184 -0.0246876 0.0126391 0.0206496 -0.0110367 -0.0198562 0.0206956 -0.0585328 0.0398122 0.443450 0.562430 -0.388676 -0.550426
 57:     56208.169: 0.118189 0.359014 0.399407  2.16994 0.0146618 0.00524262 0.0253048 -0.0212250 -0.00710960 -0.0189880 0.0160588 0.0228340 -0.00902180 -0.0135213 0.0220008 -0.0587284 0.0401886 0.446073 0.562014 -0.388429 -0.551506
 58:     56208.144: 0.118448 0.358957 0.399583  2.16991 0.0146560 0.00523548 0.0253080 -0.0212418 -0.00712862 -0.0189966 0.0160982 0.0229021 -0.00900116 -0.0134957 0.0220099 -0.0586812 0.0399113 0.446015 0.562092 -0.388473 -0.551534
 59:     56208.130: 0.118151 0.358920 0.399769  2.16988 0.0146491 0.00522689 0.0253127 -0.0212631 -0.00715268 -0.0190071 0.0161501 0.0229914 -0.00897341 -0.0134615 0.0220227 -0.0588656 0.0398244 0.445941 0.562197 -0.388528 -0.551568
 60:     56208.112: 0.118441 0.358907 0.399853  2.16982 0.0146721 0.00531973 0.0253073 -0.0211973 -0.00712790 -0.0190339 0.0162082 0.0231841 -0.00891228 -0.0133440 0.0220331 -0.0589177 0.0397214 0.445946 0.562314 -0.388566 -0.551627
 61:     56208.092: 0.118213 0.358908 0.399938  2.16961 0.0147667 0.00563504 0.0252822 -0.0209597 -0.00701958 -0.0191049 0.0163323 0.0236794 -0.00875196 -0.0129978 0.0220623 -0.0590053 0.0396391 0.446072 0.562552 -0.388634 -0.551784
 62:     56208.064: 0.118442 0.358910 0.399988  2.16920 0.0150150 0.00635398 0.0252512 -0.0204151 -0.00673634 -0.0191830 0.0165803 0.0245945 -0.00842586 -0.0122670 0.0221615 -0.0590504 0.0395691 0.446473 0.562964 -0.388826 -0.552118
 63:     56208.022: 0.118201 0.358885 0.400017  2.16846 0.0156855 0.00784712 0.0254663 -0.0193235 -0.00598247 -0.0188059 0.0172428 0.0258291 -0.00775181 -0.0109340 0.0226153 -0.0590573 0.0395358 0.447533 0.563724 -0.389786 -0.552920
 64:     56207.964: 0.118463 0.358772 0.400119  2.16747 0.0172685 0.00997054 0.0272544 -0.0175310 -0.00391886 -0.0162715 0.0187121 0.0264611 -0.00638712 -0.00977697 0.0237799 -0.0590000 0.0394685 0.449402 0.565151 -0.392983 -0.554795
 65:     56207.890: 0.118373 0.359140 0.400211  2.16582 0.0187970 0.00941013 0.0274790 -0.0166379 -0.00390199 -0.0189693 0.0182593 0.0306455 -0.00542731 -0.00823290 0.0246148 -0.0589674 0.0394965 0.447771 0.566678 -0.389770 -0.555729
 66:     56207.881: 0.118263 0.359045 0.400231  2.16586 0.0187886 0.00939944 0.0275014 -0.0166668 -0.00392160 -0.0189421 0.0183382 0.0307087 -0.00538984 -0.00820785 0.0246452 -0.0592009 0.0395623 0.447723 0.566802 -0.389848 -0.555696
 67:     56207.873: 0.118448 0.358989 0.400233  2.16589 0.0187590 0.00940542 0.0275005 -0.0167119 -0.00396492 -0.0189026 0.0184607 0.0307447 -0.00535263 -0.00815744 0.0246971 -0.0591595 0.0393751 0.447670 0.566910 -0.389912 -0.555678
 68:     56207.864: 0.118257 0.358976 0.400238  2.16590 0.0186987 0.00944542 0.0274678 -0.0167741 -0.00403403 -0.0188310 0.0186437 0.0307245 -0.00531768 -0.00807185 0.0247779 -0.0592513 0.0393789 0.447625 0.566986 -0.389946 -0.555687
 69:     56207.857: 0.118418 0.358961 0.400238  2.16590 0.0186355 0.00949138 0.0274398 -0.0168374 -0.00410262 -0.0187492 0.0188410 0.0307181 -0.00527516 -0.00797779 0.0248608 -0.0592988 0.0393193 0.447579 0.567076 -0.389993 -0.555697
 70:     56207.845: 0.118265 0.358969 0.400242  2.16585 0.0185008 0.00963965 0.0273785 -0.0169600 -0.00423299 -0.0185142 0.0192908 0.0306301 -0.00518485 -0.00775854 0.0250649 -0.0593329 0.0392665 0.447537 0.567189 -0.390050 -0.555777
 71:     56207.809: 0.118443 0.359040 0.400251  2.16541 0.0185672 0.0101988 0.0279574 -0.0170580 -0.00408822 -0.0171661 0.0207961 0.0307790 -0.00450892 -0.00712060 0.0259724 -0.0592734 0.0391293 0.447883 0.567650 -0.390791 -0.556435
 72:     56207.782: 0.118275 0.358942 0.400207  2.16518 0.0196622 0.00989669 0.0291448 -0.0162862 -0.00315023 -0.0171854 0.0204005 0.0319344 -0.00394402 -0.00730973 0.0262354 -0.0593913 0.0391983 0.448586 0.567976 -0.391869 -0.556713
 73:     56207.777: 0.118710 0.358674 0.400036  2.16425 0.0216900 0.0108953 0.0301587 -0.0141493 -0.00173351 -0.0174024 0.0215424 0.0343322 -0.00250478 -0.00586953 0.0269154 -0.0593784 0.0392616 0.450413 0.568815 -0.393291 -0.557452
 74:     56207.729: 0.118229 0.358712 0.400028  2.16367 0.0212671 0.0125386 0.0301781 -0.0138583 -0.00133390 -0.0161295 0.0221197 0.0351944 -0.00210237 -0.00491691 0.0270635 -0.0593846 0.0392990 0.450873 0.569160 -0.393098 -0.557895
 75:     56207.708: 0.118403 0.358891 0.400136  2.16331 0.0211665 0.0130742 0.0316111 -0.0136353 -0.000254419 -0.0149182 0.0214130 0.0353781 -0.00176437 -0.00490423 0.0280785 -0.0594754 0.0390901 0.450960 0.569595 -0.393799 -0.558521
 76:     56207.690: 0.118219 0.358929 0.400207  2.16309 0.0226513 0.0128436 0.0312839 -0.0130193 -0.000466857 -0.0153580 0.0232384 0.0344796 -0.00143435 -0.00430712 0.0281871 -0.0596374 0.0390592 0.451010 0.570002 -0.393995 -0.558867
 77:     56207.677: 0.118531 0.358809 0.400204  2.16277 0.0233338 0.0134446 0.0301835 -0.0132165 -0.00125005 -0.0144272 0.0248973 0.0349160 -0.00133758 -0.00342101 0.0280410 -0.0595499 0.0390752 0.451047 0.570450 -0.393527 -0.559168
 78:     56207.653: 0.118237 0.358646 0.400168  2.16278 0.0215186 0.0141840 0.0303757 -0.0138877 -0.00131418 -0.0139909 0.0244850 0.0362239 -0.000972461 -0.00290956 0.0290679 -0.0594619 0.0391481 0.450946 0.570620 -0.393519 -0.559325
 79:     56207.636: 0.118405 0.358764 0.400150  2.16258 0.0212127 0.0138868 0.0318770 -0.0130965 -0.000399219 -0.0151162 0.0252931 0.0362676 -0.000100093 -0.00339281 0.0285486 -0.0594598 0.0390183 0.451280 0.570856 -0.394332 -0.559507
 80:     56207.622: 0.118207 0.358905 0.400147  2.16225 0.0232227 0.0134884 0.0316871 -0.0129824 -0.000569886 -0.0139280 0.0250484 0.0370289 -0.000624170 -0.00325306 0.0290053 -0.0597003 0.0390266 0.451859 0.571167 -0.395028 -0.559773
 81:     56207.616: 0.118505 0.358876 0.400148  2.16209 0.0246522 0.0135006 0.0314410 -0.0131143 -0.000624543 -0.0130886 0.0243471 0.0374485 -0.000420728 -0.00236451 0.0306856 -0.0596570 0.0389295 0.452268 0.571381 -0.395596 -0.560255
 82:     56207.593: 0.118301 0.358775 0.400205  2.16173 0.0244209 0.0147114 0.0323478 -0.0127299 0.000409077 -0.0125889 0.0251607 0.0375735 0.00111785 -0.00185750 0.0306481 -0.0596198 0.0390146 0.452367 0.571756 -0.395375 -0.560989
 83:     56207.589: 0.118459 0.358872 0.400198  2.16092 0.0229958 0.0157869 0.0335488 -0.0104630 0.000960525 -0.0116735 0.0279232 0.0392979 -0.00182275 -0.00262450 0.0303294 -0.0596400 0.0389327 0.452575 0.572482 -0.395134 -0.561107
 84:     56207.565: 0.118286 0.359402 0.399742  2.15838 0.0227917 0.0163670 0.0326168 -0.00816316 -0.000496265 -0.0127272 0.0285676 0.0394688 0.00428831 0.00364147 0.0338024 -0.0599646 0.0384813 0.454506 0.574668 -0.398874 -0.560917
 85:     56207.551: 0.118429 0.359159 0.399937  2.15839 0.0228104 0.0163561 0.0326585 -0.00820786 -0.000482141 -0.0126905 0.0286161 0.0395156 0.00429490 0.00360481 0.0338085 -0.0601377 0.0386412 0.454487 0.574661 -0.398879 -0.561020
 86:     56207.548: 0.118158 0.359030 0.400049  2.15839 0.0229030 0.0163473 0.0327163 -0.00830244 -0.000431406 -0.0126453 0.0286778 0.0395805 0.00431790 0.00356818 0.0337968 -0.0599921 0.0384870 0.454485 0.574676 -0.398907 -0.561125
 87:     56207.536: 0.118391 0.358999 0.400082  2.15835 0.0231167 0.0163633 0.0327785 -0.00848407 -0.000312529 -0.0125959 0.0287387 0.0396531 0.00439235 0.00355797 0.0337246 -0.0600499 0.0385425 0.454523 0.574731 -0.398966 -0.561193
 88:     56207.530: 0.118254 0.358960 0.400130  2.15833 0.0233469 0.0163868 0.0328562 -0.00869640 -0.000177996 -0.0125286 0.0288200 0.0397512 0.00445713 0.00354449 0.0336665 -0.0600733 0.0385634 0.454563 0.574789 -0.399031 -0.561296
 89:     56207.524: 0.118376 0.358944 0.400148  2.15829 0.0235973 0.0164143 0.0329308 -0.00889940 -3.83190e-05 -0.0124631 0.0288877 0.0398374 0.00454872 0.00354609 0.0335963 -0.0600625 0.0385502 0.454616 0.574856 -0.399103 -0.561378
 90:     56207.516: 0.118270 0.358926 0.400173  2.15820 0.0241417 0.0164674 0.0330969 -0.00926943 0.000245262 -0.0123139 0.0290137 0.0400132 0.00475555 0.00357337 0.0334923 -0.0600666 0.0385478 0.454745 0.574999 -0.399270 -0.561553
 91:     56207.487: 0.118425 0.358868 0.400187  2.15789 0.0265683 0.0163981 0.0340004 -0.00952371 0.00113067 -0.0115651 0.0293088 0.0407179 0.00544410 0.00401200 0.0343812 -0.0600635 0.0385336 0.455484 0.575558 -0.400253 -0.562515
 92:     56207.473: 0.118237 0.358840 0.400235  2.15794 0.0263648 0.0161870 0.0344424 -0.00751931 0.000915351 -0.00986898 0.0291895 0.0413863 0.00693591 0.00449443 0.0355363 -0.0600715 0.0386044 0.455732 0.575664 -0.400542 -0.563679
 93:     56207.460: 0.118414 0.358927 0.400149  2.15756 0.0257403 0.0182985 0.0351264 -0.00914739 0.00224743 -0.00995215 0.0296454 0.0417540 0.00777873 0.00564706 0.0361566 -0.0600560 0.0385909 0.456071 0.575890 -0.400421 -0.564066
 94:     56207.450: 0.118149 0.358776 0.400104  2.15647 0.0269911 0.0198161 0.0366917 -0.0106338 0.00306090 -0.00980810 0.0304763 0.0425525 0.00722985 0.00534686 0.0361240 -0.0599880 0.0387329 0.456230 0.576656 -0.400422 -0.563642
 95:     56207.434: 0.118480 0.358650 0.400172  2.15584 0.0279504 0.0184502 0.0362889 -0.00943479 0.00395137 -0.00813155 0.0312132 0.0433913 0.00784687 0.00422910 0.0349757 -0.0598408 0.0387204 0.456067 0.577145 -0.400561 -0.563531
 96:     56207.416: 0.118297 0.358622 0.400246  2.15611 0.0285675 0.0180279 0.0367196 -0.00835387 0.00466747 -0.00920476 0.0322640 0.0431632 0.00657103 0.00458205 0.0372809 -0.0598708 0.0387741 0.456302 0.576981 -0.401264 -0.564267
 97:     56207.406: 0.118444 0.358969 0.400235  2.15613 0.0292507 0.0191186 0.0382873 -0.00784118 0.00245010 -0.00853547 0.0323632 0.0432951 0.00745797 0.00471669 0.0360507 -0.0598950 0.0386348 0.456596 0.577041 -0.401477 -0.564896
 98:     56207.402: 0.118323 0.358960 0.400239  2.15614 0.0292463 0.0191159 0.0382939 -0.00784768 0.00245620 -0.00852570 0.0323788 0.0433098 0.00746055 0.00471328 0.0360571 -0.0599271 0.0386627 0.456589 0.577053 -0.401483 -0.564910
 99:     56207.401: 0.118370 0.358932 0.400244  2.15618 0.0292321 0.0191073 0.0383153 -0.00786873 0.00247621 -0.00849394 0.0324294 0.0433574 0.00746895 0.00470230 0.0360781 -0.0599570 0.0386789 0.456566 0.577093 -0.401501 -0.564953
100:     56207.400: 0.118298 0.358928 0.400245  2.15619 0.0292119 0.0190865 0.0382959 -0.00788098 0.00252838 -0.00845360 0.0324666 0.0433977 0.00749571 0.00470022 0.0360807 -0.0599454 0.0386553 0.456553 0.577117 -0.401516 -0.564988
101:     56207.398: 0.118366 0.358933 0.400244  2.15620 0.0291663 0.0190309 0.0381947 -0.00788919 0.00268203 -0.00836013 0.0325189 0.0434645 0.00757951 0.00471196 0.0360557 -0.0599562 0.0386524 0.456547 0.577146 -0.401535 -0.565037
102:     56207.395: 0.118295 0.358947 0.400242  2.15619 0.0290786 0.0189222 0.0379713 -0.00788616 0.00300759 -0.00816778 0.0326048 0.0435948 0.00774713 0.00474960 0.0360172 -0.0599661 0.0386419 0.456552 0.577193 -0.401574 -0.565125
103:     56207.390: 0.118388 0.358951 0.400237  2.15611 0.0289585 0.0187744 0.0376735 -0.00768261 0.00365553 -0.00779240 0.0326857 0.0438852 0.00809470 0.00490874 0.0362633 -0.0599555 0.0386398 0.456630 0.577328 -0.401725 -0.565352
104:     56207.385: 0.118307 0.358861 0.400245  2.15605 0.0290959 0.0189542 0.0381693 -0.00731777 0.00350224 -0.00773525 0.0326288 0.0440751 0.00809224 0.00503067 0.0369510 -0.0599314 0.0386763 0.456710 0.577506 -0.401931 -0.565583
105:     56207.379: 0.118405 0.358810 0.400243  2.15567 0.0297753 0.0195125 0.0388254 -0.00653483 0.00322066 -0.00688221 0.0329846 0.0446562 0.00887403 0.00529632 0.0367638 -0.0598937 0.0386958 0.457127 0.577856 -0.402247 -0.566022
106:     56207.369: 0.118293 0.358930 0.400228  2.15539 0.0302678 0.0197105 0.0382637 -0.00639948 0.00437293 -0.00630321 0.0338546 0.0451599 0.00916778 0.00593279 0.0368411 -0.0599591 0.0386827 0.457661 0.577986 -0.402625 -0.566484
107:     56207.363: 0.118426 0.358936 0.400249  2.15557 0.0301778 0.0194512 0.0382495 -0.00675658 0.00530850 -0.00691376 0.0342333 0.0450150 0.00873401 0.00631865 0.0383389 -0.0599620 0.0386300 0.457558 0.578056 -0.403007 -0.566859
108:     56207.358: 0.118221 0.358938 0.400305  2.15579 0.0295506 0.0186180 0.0389272 -0.00753998 0.00535694 -0.00676163 0.0339423 0.0447100 0.00959187 0.00572889 0.0384853 -0.0599554 0.0385594 0.456688 0.578448 -0.403148 -0.567096
109:     56207.348: 0.118391 0.358964 0.400256  2.15528 0.0296833 0.0189120 0.0391356 -0.00763409 0.00516960 -0.00541107 0.0335485 0.0458736 0.00919995 0.00549611 0.0384861 -0.0600088 0.0386386 0.457191 0.578895 -0.403411 -0.567101
110:     56207.340: 0.118323 0.358875 0.400251  2.15480 0.0303042 0.0197345 0.0397099 -0.00691170 0.00584551 -0.00556899 0.0344189 0.0460308 0.00976740 0.00592852 0.0385665 -0.0599542 0.0386607 0.457856 0.579109 -0.403629 -0.567382
111:     56207.337: 0.118492 0.358893 0.400252  2.15485 0.0307480 0.0204278 0.0401943 -0.00675261 0.00594691 -0.00530904 0.0354148 0.0462884 0.0106002 0.00711527 0.0384728 -0.0599401 0.0386120 0.457556 0.578979 -0.403782 -0.567836
112:     56207.326: 0.118296 0.358948 0.400217  2.15473 0.0311657 0.0210283 0.0401897 -0.00682072 0.00565766 -0.00446313 0.0355673 0.0472085 0.00991578 0.00800645 0.0393984 -0.0600009 0.0386426 0.457650 0.578993 -0.404076 -0.568098
113:     56207.319: 0.118357 0.358962 0.400235  2.15399 0.0315863 0.0212330 0.0402037 -0.00626037 0.00622711 -0.00385125 0.0358041 0.0473962 0.0101566 0.00739601 0.0400616 -0.0599793 0.0386184 0.458531 0.579883 -0.404381 -0.568484
114:     56207.312: 0.118270 0.358845 0.400351  2.15476 0.0297854 0.0192861 0.0414956 -0.00629904 0.00724499 -0.00404853 0.0360775 0.0484449 0.0103888 0.00612522 0.0381818 -0.0599572 0.0386105 0.458277 0.579883 -0.405408 -0.569039
115:     56207.311: 0.118347 0.358858 0.400338  2.15477 0.0297878 0.0192915 0.0414998 -0.00630209 0.00724271 -0.00404627 0.0360886 0.0484487 0.0103898 0.00612760 0.0381903 -0.0599701 0.0386211 0.458278 0.579894 -0.405408 -0.569044
116:     56207.310: 0.118315 0.358889 0.400308  2.15479 0.0297944 0.0193069 0.0415115 -0.00631095 0.00723604 -0.00404006 0.0361200 0.0484590 0.0103923 0.00613408 0.0382145 -0.0599856 0.0386267 0.458282 0.579923 -0.405408 -0.569061
117:     56207.310: 0.118367 0.358896 0.400296  2.15478 0.0298212 0.0193647 0.0415754 -0.00628847 0.00726572 -0.00399854 0.0361709 0.0484939 0.0104254 0.00618862 0.0382817 -0.0599810 0.0386151 0.458269 0.579946 -0.405406 -0.569088
118:     56207.291: 0.118337 0.358784 0.400379  2.15315 0.0313044 0.0222911 0.0449069 -0.00445849 0.00927109 -0.00190646 0.0379713 0.0502490 0.0122109 0.00906977 0.0413924 -0.0600151 0.0387360 0.457176 0.579922 -0.405272 -0.569674
119:     56207.285: 0.118281 0.358842 0.400278  2.15363 0.0319974 0.0224926 0.0437124 -0.00728011 0.00661752 -0.00164495 0.0387045 0.0516722 0.0134161 0.00976406 0.0416926 -0.0598115 0.0384334 0.459902 0.583409 -0.408461 -0.573362
120:     56207.276: 0.118426 0.358779 0.400260  2.15213 0.0353540 0.0226354 0.0427500 -0.00688208 0.00807877 -0.00225716 0.0419183 0.0520456 0.0139116 0.0100190 0.0423184 -0.0600811 0.0388262 0.463806 0.586497 -0.410796 -0.575922
121:     56207.259: 0.118275 0.358919 0.400169  2.14987 0.0381518 0.0249967 0.0445057 -0.00436415 0.0113633 0.000433699 0.0427887 0.0541323 0.0158423 0.0123332 0.0437225 -0.0599558 0.0385207 0.463562 0.585516 -0.410106 -0.574662
122:     56207.254: 0.118397 0.358953 0.400171  2.14997 0.0368509 0.0256089 0.0449893 -0.00410230 0.0112523 0.000642208 0.0418989 0.0546889 0.0156995 0.0123100 0.0441644 -0.0600804 0.0385509 0.464623 0.585563 -0.410624 -0.575006
123:     56207.247: 0.118323 0.358915 0.400196  2.15006 0.0362750 0.0250439 0.0452342 -0.00332771 0.0102806 0.000940733 0.0422446 0.0533255 0.0152765 0.0117985 0.0439659 -0.0599997 0.0385881 0.464401 0.586079 -0.410283 -0.575208
124:     56207.247: 0.118435 0.358885 0.400287  2.14988 0.0368386 0.0253912 0.0455527 -0.00281217 0.0104388 0.00121307 0.0430480 0.0540005 0.0153561 0.0118931 0.0445261 -0.0600374 0.0385434 0.463374 0.585172 -0.409798 -0.574316
125:     56207.245: 0.118267 0.358888 0.400294  2.14992 0.0369380 0.0257254 0.0457083 -0.00264704 0.0106323 0.00115041 0.0433441 0.0545166 0.0152972 0.0119271 0.0448856 -0.0600714 0.0385027 0.462898 0.584670 -0.409790 -0.573982
126:     56207.242: 0.118337 0.358921 0.400289  2.14995 0.0368127 0.0258618 0.0457504 -0.00263706 0.0110829 0.00108978 0.0430699 0.0541724 0.0153916 0.0120452 0.0446648 -0.0600863 0.0385008 0.463206 0.585202 -0.410196 -0.574499
127:     56207.241: 0.118398 0.358895 0.400234  2.14973 0.0365597 0.0258491 0.0463510 -0.00257327 0.0114754 0.00128678 0.0434484 0.0543522 0.0158838 0.0122156 0.0450119 -0.0600743 0.0384828 0.463160 0.585119 -0.409935 -0.574437
128:     56207.238: 0.118316 0.358915 0.400198  2.14959 0.0366818 0.0260475 0.0469897 -0.00225003 0.0124214 0.00183077 0.0432388 0.0540693 0.0159868 0.0127892 0.0446657 -0.0601001 0.0384796 0.463712 0.586105 -0.410731 -0.575446
129:     56207.237: 0.118331 0.358925 0.400320  2.14980 0.0367236 0.0274344 0.0470854 -0.00176986 0.0123308 0.00191276 0.0432774 0.0546646 0.0162696 0.0124165 0.0450634 -0.0602194 0.0383287 0.464001 0.586371 -0.411946 -0.576258
130:     56207.236: 0.118384 0.358915 0.400295  2.14925 0.0374756 0.0278640 0.0476159 -0.000984982 0.0127883 0.00270004 0.0439804 0.0555910 0.0166060 0.0130405 0.0457037 -0.0602464 0.0384425 0.463782 0.586127 -0.411814 -0.575922
131:     56207.234: 0.118298 0.358949 0.400344  2.14856 0.0376186 0.0280340 0.0481444 -0.000673040 0.0132474 0.00252897 0.0449600 0.0562549 0.0173129 0.0133404 0.0470361 -0.0602168 0.0384192 0.464210 0.585936 -0.411594 -0.575590
132:     56207.233: 0.118379 0.358934 0.400332  2.14864 0.0376363 0.0277719 0.0483809 -0.000709608 0.0132250 0.00256586 0.0450111 0.0562995 0.0167881 0.0134674 0.0469403 -0.0601556 0.0383726 0.464607 0.586268 -0.412067 -0.575993
133:     56207.232: 0.118337 0.358947 0.400327  2.14835 0.0378587 0.0280781 0.0485351 -0.000501782 0.0133892 0.00295807 0.0453100 0.0563776 0.0173296 0.0135811 0.0470125 -0.0601790 0.0383882 0.464346 0.586132 -0.411743 -0.575805
134:     56207.232: 0.118374 0.358900 0.400279  2.14819 0.0377025 0.0283530 0.0485697 -0.000245437 0.0135202 0.00291591 0.0453903 0.0563097 0.0180476 0.0135092 0.0471148 -0.0601289 0.0384802 0.464463 0.586606 -0.411773 -0.576115
135:     56207.231: 0.118316 0.358876 0.400260  2.14836 0.0375562 0.0280519 0.0487934 -0.000314481 0.0133498 0.00292845 0.0453827 0.0563467 0.0176992 0.0135411 0.0470350 -0.0601015 0.0385101 0.464760 0.587024 -0.412240 -0.576627
136:     56207.230: 0.118346 0.358909 0.400274  2.14813 0.0378579 0.0281365 0.0492035 -0.000204692 0.0134696 0.00349873 0.0457692 0.0564494 0.0179814 0.0137592 0.0471240 -0.0601101 0.0384603 0.464510 0.586866 -0.412041 -0.576537
137:     56207.229: 0.118330 0.358914 0.400280  2.14784 0.0382058 0.0282841 0.0497041 6.78651e-05 0.0138943 0.00378363 0.0460620 0.0565465 0.0181281 0.0140416 0.0474270 -0.0601355 0.0384667 0.464505 0.586868 -0.412062 -0.576489
138:     56207.229: 0.118344 0.358912 0.400282  2.14761 0.0381617 0.0285016 0.0497711 0.000491216 0.0143220 0.00416390 0.0463145 0.0569825 0.0182658 0.0144557 0.0476127 -0.0600994 0.0384883 0.464525 0.586905 -0.412146 -0.576541
139:     56207.229: 0.118341 0.358908 0.400281  2.14758 0.0381477 0.0285367 0.0499888 0.000459523 0.0142757 0.00413323 0.0462656 0.0570031 0.0182381 0.0144184 0.0475969 -0.0600903 0.0384852 0.464714 0.587022 -0.412234 -0.576628
140:     56207.229: 0.118337 0.358915 0.400285  2.14770 0.0380563 0.0283746 0.0499813 0.000418840 0.0142253 0.00406229 0.0462699 0.0569127 0.0181661 0.0143391 0.0476215 -0.0601033 0.0384899 0.464785 0.587080 -0.412336 -0.576792
141:     56207.229: 0.118342 0.358909 0.400277  2.14768 0.0382363 0.0284225 0.0501001 0.000565731 0.0143334 0.00405197 0.0463559 0.0569376 0.0182080 0.0143000 0.0477594 -0.0600996 0.0384728 0.464689 0.587051 -0.412352 -0.576790
142:     56207.229: 0.118336 0.358914 0.400283  2.14760 0.0382234 0.0285453 0.0502313 0.000531421 0.0143346 0.00417810 0.0464914 0.0570750 0.0182668 0.0143285 0.0477905 -0.0601021 0.0384741 0.464570 0.587001 -0.412284 -0.576718
143:     56207.229: 0.118349 0.358911 0.400300  2.14750 0.0382880 0.0286310 0.0503712 0.000585782 0.0143616 0.00431461 0.0465520 0.0571430 0.0183905 0.0144405 0.0478763 -0.0601075 0.0384798 0.464670 0.587055 -0.412331 -0.576762
144:     56207.229: 0.118335 0.358912 0.400307  2.14741 0.0383694 0.0287154 0.0504185 0.000728947 0.0144546 0.00445441 0.0466262 0.0571868 0.0185429 0.0145372 0.0479554 -0.0601057 0.0384739 0.464724 0.587070 -0.412337 -0.576795
145:     56207.229: 0.118338 0.358917 0.400299  2.14742 0.0383031 0.0287232 0.0504116 0.000696744 0.0144752 0.00439385 0.0466469 0.0571410 0.0184844 0.0144979 0.0479305 -0.0601034 0.0384764 0.464757 0.587106 -0.412349 -0.576807
146:     56207.229: 0.118340 0.358916 0.400283  2.14744 0.0383294 0.0287010 0.0504917 0.000726368 0.0144865 0.00438089 0.0465906 0.0572020 0.0184740 0.0144968 0.0479460 -0.0601080 0.0384777 0.464706 0.587079 -0.412343 -0.576793
147:     56207.229: 0.118340 0.358913 0.400289  2.14746 0.0383088 0.0286754 0.0504940 0.000701603 0.0144772 0.00435840 0.0466016 0.0571851 0.0184661 0.0144995 0.0479291 -0.0601018 0.0384757 0.464720 0.587099 -0.412366 -0.576819
148:     56207.229: 0.118339 0.358912 0.400291  2.14743 0.0383328 0.0286899 0.0504962 0.000727380 0.0144870 0.00437377 0.0466247 0.0571800 0.0184661 0.0144959 0.0479437 -0.0601012 0.0384786 0.464748 0.587125 -0.412384 -0.576836
149:     56207.229: 0.118340 0.358915 0.400293  2.14743 0.0383255 0.0286935 0.0504973 0.000726686 0.0145002 0.00438846 0.0466236 0.0571775 0.0184787 0.0144961 0.0479630 -0.0601028 0.0384780 0.464752 0.587121 -0.412378 -0.576834
150:     56207.229: 0.118340 0.358915 0.400292  2.14743 0.0383244 0.0287033 0.0505038 0.000733119 0.0145019 0.00438987 0.0466450 0.0571770 0.0184836 0.0145015 0.0479552 -0.0601033 0.0384780 0.464748 0.587105 -0.412370 -0.576827
Generalized linear mixed model fit by the Laplace approximation 
Formula: model 
   Data: g 
   AIC   BIC logLik deviance
 56249 56429 -28104    56207
Random effects:
 Groups  Name        Variance Std.Dev.
 game_id (Intercept) 0.014004 0.11834 
 defense (Intercept) 0.128820 0.35891 
 offense (Intercept) 0.160234 0.40029 
Number of obs: 38382, groups: game_id, 19191; defense, 2895; offense, 2895

Fixed effects:
                    Estimate Std. Error z value Pr(>|z|)    
(Intercept)        2.1474281  0.0428931   50.06  < 2e-16 ***
year2003           0.0383244  0.0541509    0.71    0.479    
year2004           0.0287033  0.0540345    0.53    0.595    
year2005           0.0505038  0.0536862    0.94    0.347    
year2006           0.0007331  0.0534117    0.01    0.989    
year2007           0.0145019  0.0530845    0.27    0.785    
year2008           0.0043899  0.0525039    0.08    0.933    
year2009           0.0466450  0.0519986    0.90    0.370    
year2010           0.0571770  0.0513572    1.11    0.266    
year2011           0.0184836  0.0506459    0.36    0.715    
year2012           0.0145015  0.0500839    0.29    0.772    
year2013           0.0479552  0.0509908    0.94    0.347    
fielddefense_home -0.0601033  0.0081282   -7.39 1.42e-13 ***
fieldoffense_home  0.0384780  0.0080728    4.77 1.88e-06 ***
d_div2             0.4647477  0.0497379    9.34  < 2e-16 ***
d_div3             0.5871053  0.0480486   12.22  < 2e-16 ***
o_div2            -0.4123697  0.0509603   -8.09 5.87e-16 ***
o_div3            -0.5768810  0.0486526  -11.86  < 2e-16 ***
---
Signif. codes:  0 ‘***’ 0.001 ‘**’ 0.01 ‘*’ 0.05 ‘.’ 0.1 ‘ ’ 1 

Correlation of Fixed Effects:
            (Intr) yr2003 yr2004 yr2005 yr2006 yr2007 yr2008 yr2009 yr2010
year2003    -0.637                                                        
year2004    -0.638  0.506                                                 
year2005    -0.643  0.510  0.511                                          
year2006    -0.645  0.512  0.513  0.517                                   
year2007    -0.647  0.516  0.517  0.520  0.523                            
year2008    -0.653  0.521  0.522  0.526  0.528  0.532                     
year2009    -0.659  0.526  0.527  0.531  0.534  0.537  0.543              
year2010    -0.665  0.533  0.534  0.538  0.540  0.544  0.550  0.555       
year2011    -0.672  0.540  0.542  0.545  0.548  0.551  0.558  0.563  0.570
year2012    -0.678  0.547  0.548  0.551  0.554  0.558  0.564  0.569  0.577
year2013    -0.669  0.537  0.538  0.541  0.544  0.548  0.554  0.559  0.566
filddfns_hm -0.164  0.001  0.001  0.002 -0.001  0.000 -0.002 -0.001 -0.003
fildffns_hm -0.164  0.001  0.001  0.002 -0.001 -0.001 -0.002 -0.001 -0.003
d_div2      -0.090  0.000 -0.001  0.000 -0.001  0.000 -0.001 -0.001 -0.002
d_div3      -0.093 -0.001 -0.001  0.000  0.000 -0.002 -0.003 -0.002 -0.003
o_div2      -0.105 -0.001 -0.001  0.000 -0.002 -0.001 -0.002 -0.003 -0.005
o_div3      -0.108 -0.001 -0.002 -0.001 -0.002 -0.003 -0.004 -0.005 -0.007
            yr2011 yr2012 yr2013 flddf_ fldff_ d_div2 d_div3 o_div2
year2003                                                           
year2004                                                           
year2005                                                           
year2006                                                           
year2007                                                           
year2008                                                           
year2009                                                           
year2010                                                           
year2011                                                           
year2012     0.585                                                 
year2013     0.574  0.581                                          
filddfns_hm -0.002 -0.003  0.001                                   
fildffns_hm -0.003 -0.003  0.002  0.897                            
d_div2      -0.003 -0.005 -0.004  0.004 -0.009                     
d_div3      -0.004 -0.005 -0.004  0.006 -0.009  0.837              
o_div2      -0.007 -0.008 -0.006 -0.005  0.008 -0.765 -0.739       
o_div3      -0.008 -0.010 -0.007 -0.008  0.008 -0.745 -0.871  0.825
Generalized linear mixed model fit by the Laplace approximation 
Formula: model 
   Data: g 
   AIC   BIC logLik deviance
 56249 56429 -28104    56207
Random effects:
 Groups  Name        Variance Std.Dev.
 game_id (Intercept) 0.014004 0.11834 
 defense (Intercept) 0.128820 0.35891 
 offense (Intercept) 0.160234 0.40029 
Number of obs: 38382, groups: game_id, 19191; defense, 2895; offense, 2895

Fixed effects:
                    Estimate Std. Error z value Pr(>|z|)    
(Intercept)        2.1474281  0.0428931   50.06  < 2e-16 ***
year2003           0.0383244  0.0541509    0.71    0.479    
year2004           0.0287033  0.0540345    0.53    0.595    
year2005           0.0505038  0.0536862    0.94    0.347    
year2006           0.0007331  0.0534117    0.01    0.989    
year2007           0.0145019  0.0530845    0.27    0.785    
year2008           0.0043899  0.0525039    0.08    0.933    
year2009           0.0466450  0.0519986    0.90    0.370    
year2010           0.0571770  0.0513572    1.11    0.266    
year2011           0.0184836  0.0506459    0.36    0.715    
year2012           0.0145015  0.0500839    0.29    0.772    
year2013           0.0479552  0.0509908    0.94    0.347    
fielddefense_home -0.0601033  0.0081282   -7.39 1.42e-13 ***
fieldoffense_home  0.0384780  0.0080728    4.77 1.88e-06 ***
d_div2             0.4647477  0.0497379    9.34  < 2e-16 ***
d_div3             0.5871053  0.0480486   12.22  < 2e-16 ***
o_div2            -0.4123697  0.0509603   -8.09 5.87e-16 ***
o_div3            -0.5768810  0.0486526  -11.86  < 2e-16 ***
---
Signif. codes:  0 ‘***’ 0.001 ‘**’ 0.01 ‘*’ 0.05 ‘.’ 0.1 ‘ ’ 1 

Correlation of Fixed Effects:
            (Intr) yr2003 yr2004 yr2005 yr2006 yr2007 yr2008 yr2009 yr2010
year2003    -0.637                                                        
year2004    -0.638  0.506                                                 
year2005    -0.643  0.510  0.511                                          
year2006    -0.645  0.512  0.513  0.517                                   
year2007    -0.647  0.516  0.517  0.520  0.523                            
year2008    -0.653  0.521  0.522  0.526  0.528  0.532                     
year2009    -0.659  0.526  0.527  0.531  0.534  0.537  0.543              
year2010    -0.665  0.533  0.534  0.538  0.540  0.544  0.550  0.555       
year2011    -0.672  0.540  0.542  0.545  0.548  0.551  0.558  0.563  0.570
year2012    -0.678  0.547  0.548  0.551  0.554  0.558  0.564  0.569  0.577
year2013    -0.669  0.537  0.538  0.541  0.544  0.548  0.554  0.559  0.566
filddfns_hm -0.164  0.001  0.001  0.002 -0.001  0.000 -0.002 -0.001 -0.003
fildffns_hm -0.164  0.001  0.001  0.002 -0.001 -0.001 -0.002 -0.001 -0.003
d_div2      -0.090  0.000 -0.001  0.000 -0.001  0.000 -0.001 -0.001 -0.002
d_div3      -0.093 -0.001 -0.001  0.000  0.000 -0.002 -0.003 -0.002 -0.003
o_div2      -0.105 -0.001 -0.001  0.000 -0.002 -0.001 -0.002 -0.003 -0.005
o_div3      -0.108 -0.001 -0.002 -0.001 -0.002 -0.003 -0.004 -0.005 -0.007
            yr2011 yr2012 yr2013 flddf_ fldff_ d_div2 d_div3 o_div2
year2003                                                           
year2004                                                           
year2005                                                           
year2006                                                           
year2007                                                           
year2008                                                           
year2009                                                           
year2010                                                           
year2011                                                           
year2012     0.585                                                 
year2013     0.574  0.581                                          
filddfns_hm -0.002 -0.003  0.001                                   
fildffns_hm -0.003 -0.003  0.002  0.897                            
d_div2      -0.003 -0.005 -0.004  0.004 -0.009                     
d_div3      -0.004 -0.005 -0.004  0.006 -0.009  0.837              
o_div2      -0.007 -0.008 -0.006 -0.005  0.008 -0.765 -0.739       
o_div3      -0.008 -0.010 -0.007 -0.008  0.008 -0.745 -0.871  0.825
[1] TRUE
