[1] 41954     9
[1] TRUE
[1] 41954     8
start par. =  1 1 1 fn =  267824.5 
At return
eval:  47 fn:      225366.19 par: 4.55284e-08 0.360601 0.403476
(NM) 20: f = 225366 at 4.55284e-08    0.360601    0.403476     2.25538  -0.0364332  -0.0422649  -0.0256229  -0.0766288  -0.0617131  -0.0717401  -0.0306269   -0.020134  -0.0584248  -0.0623952  -0.0063103  -0.0589616   0.0408192    0.526731    0.647905   -0.492064   -0.659935   0.0160926  0.00406631  -0.0235985  -0.0389263   -0.210478    0.304824    0.030781
(NM) 40: f = 225366 at 2.64799e-05    0.361025    0.403914     2.24689   -0.035556  -0.0413894  -0.0247529  -0.0757631  -0.0608528  -0.0708891   -0.029784  -0.0193015  -0.0576039  -0.0615839 -0.00551108  -0.0588498     0.04093     0.52751    0.648655   -0.491264   -0.659175   0.0162249   0.0042912  -0.0231781  -0.0382987   -0.206062    0.308697   0.0347199
(NM) 60: f = 225366 at 2.64799e-05    0.361025    0.403914     2.24689   -0.035556  -0.0413894  -0.0247529  -0.0757631  -0.0608528  -0.0708891   -0.029784  -0.0193015  -0.0576039  -0.0615839 -0.00551108  -0.0588498     0.04093     0.52751    0.648655   -0.491264   -0.659175   0.0162249   0.0042912  -0.0231781  -0.0382987   -0.206062    0.308697   0.0347199
(NM) 80: f = 225366 at 2.64799e-05    0.361025    0.403914     2.24689   -0.035556  -0.0413894  -0.0247529  -0.0757631  -0.0608528  -0.0708891   -0.029784  -0.0193015  -0.0576039  -0.0615839 -0.00551108  -0.0588498     0.04093     0.52751    0.648655   -0.491264   -0.659175   0.0162249   0.0042912  -0.0231781  -0.0382987   -0.206062    0.308697   0.0347199
(NM) 100: f = 225366 at 2.64799e-05    0.361025    0.403914     2.24689   -0.035556  -0.0413894  -0.0247529  -0.0757631  -0.0608528  -0.0708891   -0.029784  -0.0193015  -0.0576039  -0.0615839 -0.00551108  -0.0588498     0.04093     0.52751    0.648655   -0.491264   -0.659175   0.0162249   0.0042912  -0.0231781  -0.0382987   -0.206062    0.308697   0.0347199
(NM) 120: f = 225366 at 2.64799e-05    0.361025    0.403914     2.24689   -0.035556  -0.0413894  -0.0247529  -0.0757631  -0.0608528  -0.0708891   -0.029784  -0.0193015  -0.0576039  -0.0615839 -0.00551108  -0.0588498     0.04093     0.52751    0.648655   -0.491264   -0.659175   0.0162249   0.0042912  -0.0231781  -0.0382987   -0.206062    0.308697   0.0347199
(NM) 140: f = 225366 at 2.64799e-05    0.361025    0.403914     2.24689   -0.035556  -0.0413894  -0.0247529  -0.0757631  -0.0608528  -0.0708891   -0.029784  -0.0193015  -0.0576039  -0.0615839 -0.00551108  -0.0588498     0.04093     0.52751    0.648655   -0.491264   -0.659175   0.0162249   0.0042912  -0.0231781  -0.0382987   -0.206062    0.308697   0.0347199
(NM) 160: f = 225366 at 2.64799e-05    0.361025    0.403914     2.24689   -0.035556  -0.0413894  -0.0247529  -0.0757631  -0.0608528  -0.0708891   -0.029784  -0.0193015  -0.0576039  -0.0615839 -0.00551108  -0.0588498     0.04093     0.52751    0.648655   -0.491264   -0.659175   0.0162249   0.0042912  -0.0231781  -0.0382987   -0.206062    0.308697   0.0347199
(NM) 180: f = 225366 at 2.64799e-05    0.361025    0.403914     2.24689   -0.035556  -0.0413894  -0.0247529  -0.0757631  -0.0608528  -0.0708891   -0.029784  -0.0193015  -0.0576039  -0.0615839 -0.00551108  -0.0588498     0.04093     0.52751    0.648655   -0.491264   -0.659175   0.0162249   0.0042912  -0.0231781  -0.0382987   -0.206062    0.308697   0.0347199
(NM) 200: f = 225366 at 2.64799e-05    0.361025    0.403914     2.24689   -0.035556  -0.0413894  -0.0247529  -0.0757631  -0.0608528  -0.0708891   -0.029784  -0.0193015  -0.0576039  -0.0615839 -0.00551108  -0.0588498     0.04093     0.52751    0.648655   -0.491264   -0.659175   0.0162249   0.0042912  -0.0231781  -0.0382987   -0.206062    0.308697   0.0347199
(NM) 220: f = 225366 at 2.28817e-05    0.360575    0.403357     2.24745  -0.0370041   -0.041332  -0.0249963  -0.0755956  -0.0610869  -0.0708103  -0.0302288  -0.0187721  -0.0575203   -0.061847 -0.00581078  -0.0590148   0.0408127    0.525948    0.647123   -0.492776   -0.661107   0.0163606  0.00445418  -0.0227022  -0.0378406   -0.198318    0.314665   0.0409969
(NM) 240: f = 225366 at 2.28817e-05    0.360575    0.403357     2.24745  -0.0370041   -0.041332  -0.0249963  -0.0755956  -0.0610869  -0.0708103  -0.0302288  -0.0187721  -0.0575203   -0.061847 -0.00581078  -0.0590148   0.0408127    0.525948    0.647123   -0.492776   -0.661107   0.0163606  0.00445418  -0.0227022  -0.0378406   -0.198318    0.314665   0.0409969
(NM) 260: f = 225366 at 2.13567e-05    0.360784    0.403474     2.24825  -0.0383948  -0.0424309  -0.0261131  -0.0762878  -0.0610977  -0.0708044  -0.0304654  -0.0177119  -0.0562535  -0.0611519 -0.00498036  -0.0591943   0.0407018    0.524988    0.647282   -0.492396    -0.66107   0.0165169  0.00435987  -0.0224002  -0.0379565   -0.194644    0.313985   0.0423573
(NM) 280: f = 225366 at  1.7955e-05    0.360549    0.403283     2.24972  -0.0379619  -0.0418064   -0.025806  -0.0762366  -0.0616952  -0.0707725  -0.0283569  -0.0180795  -0.0569477  -0.0616542 -0.00557629  -0.0591208   0.0407403    0.525116    0.646992   -0.493742   -0.661382    0.016373  0.00436484  -0.0225708  -0.0381853   -0.196229    0.314417   0.0415917
(NM) 300: f = 225366 at  1.7978e-05    0.360683    0.403388     2.24959  -0.0377989  -0.0424478  -0.0255028  -0.0759199  -0.0618927  -0.0699497  -0.0303643   -0.018562  -0.0572594  -0.0609744 -0.00521414  -0.0590986   0.0407462    0.525695    0.647126   -0.493502   -0.661112    0.016322  0.00491185  -0.0228434  -0.0384013   -0.198121    0.312053   0.0398902
(NM) 320: f = 225366 at 1.93254e-05    0.360739    0.403459     2.24866  -0.0373585  -0.0421565  -0.0255895  -0.0763147  -0.0613462  -0.0707301  -0.0295074  -0.0183062  -0.0568367  -0.0606835 -0.00506373  -0.0591244   0.0407656    0.525818    0.647415   -0.493798    -0.66081   0.0163743  0.00427436  -0.0227169  -0.0382448   -0.198203    0.316189   0.0382519
(NM) 340: f = 225366 at 1.93254e-05    0.360739    0.403459     2.24866  -0.0373585  -0.0421565  -0.0255895  -0.0763147  -0.0613462  -0.0707301  -0.0295074  -0.0183062  -0.0568367  -0.0606835 -0.00506373  -0.0591244   0.0407656    0.525818    0.647415   -0.493798    -0.66081   0.0163743  0.00427436  -0.0227169  -0.0382448   -0.198203    0.316189   0.0382519
(NM) 360: f = 225366 at 2.05916e-05    0.360711    0.403506     2.24798  -0.0372873  -0.0420886  -0.0253588  -0.0760037  -0.0606675  -0.0699969  -0.0308058  -0.0185399  -0.0573249  -0.0607672 -0.00486238  -0.0591395   0.0407855     0.52612    0.647635   -0.493304   -0.660862   0.0163986  0.00436135  -0.0227702  -0.0383606   -0.200229    0.311216   0.0382726
(NM) 380: f = 225366 at 2.05907e-05    0.360693    0.403498     2.24767   -0.037351  -0.0424831  -0.0253616  -0.0761453  -0.0609642  -0.0708645  -0.0286586  -0.0185784  -0.0574339  -0.0608904 -0.00484131   -0.059113   0.0407561    0.526315    0.647813   -0.493152   -0.660765   0.0163484  0.00431719  -0.0229907  -0.0386352   -0.200148     0.31056   0.0368011
(NM) 400: f = 225366 at 2.08124e-05    0.360707     0.40354     2.24697  -0.0369412  -0.0426715  -0.0254662  -0.0766117  -0.0604756  -0.0697681  -0.0281509  -0.0185969  -0.0571006  -0.0608384 -0.00453311  -0.0591037   0.0407847    0.526654    0.648073   -0.492835   -0.660324   0.0162364  0.00420568  -0.0232816  -0.0390704    -0.20307    0.308096   0.0346691
(NM) 420: f = 225366 at 1.98185e-05    0.360674    0.403511      2.2473  -0.0366779  -0.0407086  -0.0259685  -0.0766993   -0.060697  -0.0700474  -0.0289196  -0.0183697  -0.0573462  -0.0608575  -0.0046301   -0.059041   0.0407664    0.526604    0.648244   -0.492635   -0.660494   0.0161706  0.00410202  -0.0234064  -0.0391222   -0.204433    0.307295   0.0323779
(NM) 440: f = 225366 at 1.98737e-05    0.360671    0.403513     2.24729  -0.0366673   -0.040688  -0.0259631  -0.0767043  -0.0607017  -0.0700749    -0.02891  -0.0183732  -0.0573365   -0.060882 -0.00456136  -0.0590401   0.0407669    0.526603    0.648238   -0.492639   -0.660502    0.016169  0.00409687  -0.0234048  -0.0391527   -0.204396    0.307369   0.0325239
(NM) 460: f = 225366 at 1.99768e-05    0.360721    0.403535     2.24774  -0.0369065  -0.0423444  -0.0256164  -0.0764699  -0.0605454  -0.0701626  -0.0285654  -0.0185461  -0.0569592  -0.0609212 -0.00463172  -0.0590901   0.0408084    0.526551     0.64815   -0.492804   -0.660853   0.0162491  0.00424041  -0.0232426  -0.0389677   -0.204808    0.308441   0.0347804
(NM) 480: f = 225366 at 1.89851e-05    0.360592    0.403415     2.24771  -0.0371351  -0.0423624  -0.0255559  -0.0763926  -0.0607597  -0.0699508  -0.0286778  -0.0189667   -0.057663  -0.0609496 -0.00449026     -0.0591   0.0407762    0.526729     0.64821   -0.492577   -0.660733   0.0162256  0.00422492   -0.023314   -0.038728   -0.204446    0.308401   0.0337941
(NM) 500: f = 225366 at 1.93189e-05     0.36057    0.403417     2.24722  -0.0367945  -0.0424193  -0.0246268  -0.0766545  -0.0605745   -0.070215  -0.0287311  -0.0187522  -0.0571699  -0.0607993 -0.00440066   -0.059064    0.040805    0.527006    0.648371   -0.492502    -0.66056   0.0161547  0.00414737  -0.0235341  -0.0393759   -0.207471    0.307102   0.0313211
(NM) 520: f = 225366 at 1.93189e-05     0.36057    0.403417     2.24722  -0.0367945  -0.0424193  -0.0246268  -0.0766545  -0.0605745   -0.070215  -0.0287311  -0.0187522  -0.0571699  -0.0607993 -0.00440066   -0.059064    0.040805    0.527006    0.648371   -0.492502    -0.66056   0.0161547  0.00414737  -0.0235341  -0.0393759   -0.207471    0.307102   0.0313211
(NM) 540: f = 225366 at 2.04475e-05    0.360567    0.403446     2.24711  -0.0364435  -0.0419779  -0.0254991  -0.0762338  -0.0606706  -0.0703983  -0.0287691  -0.0186029  -0.0569673  -0.0605116 -0.00439679  -0.0590485   0.0408226     0.52692    0.648083    -0.49258    -0.66064   0.0161866  0.00414669  -0.0235439  -0.0395001   -0.206888    0.307096   0.0319605
(NM) 560: f = 225366 at 2.04475e-05    0.360567    0.403446     2.24711  -0.0364435  -0.0419779  -0.0254991  -0.0762338  -0.0606706  -0.0703983  -0.0287691  -0.0186029  -0.0569673  -0.0605116 -0.00439679  -0.0590485   0.0408226     0.52692    0.648083    -0.49258    -0.66064   0.0161866  0.00414669  -0.0235439  -0.0395001   -0.206888    0.307096   0.0319605
(NM) 580: f = 225366 at 2.03611e-05    0.360583    0.403469     2.24711   -0.036895  -0.0415849  -0.0253246  -0.0761949  -0.0608152  -0.0707326  -0.0287069  -0.0185058  -0.0570669  -0.0606144 -0.00429889  -0.0590655   0.0408078    0.526938    0.648159   -0.492551   -0.660633   0.0161967  0.00412976   -0.023558  -0.0392603   -0.206401    0.306523   0.0317341
(NM) 600: f = 225366 at 2.02414e-05    0.360585    0.403478     2.24709  -0.0366794  -0.0416112  -0.0251577  -0.0761653  -0.0606399  -0.0705042  -0.0287627  -0.0183613  -0.0568571  -0.0607825 -0.00431362  -0.0590389   0.0408142    0.527053      0.6482   -0.492557   -0.660593   0.0161575  0.00410068  -0.0236196  -0.0393861    -0.20832    0.305513   0.0308426
(NM) 620: f = 225366 at 2.02414e-05    0.360585    0.403478     2.24709  -0.0366794  -0.0416112  -0.0251577  -0.0761653  -0.0606399  -0.0705042  -0.0287627  -0.0183613  -0.0568571  -0.0607825 -0.00431362  -0.0590389   0.0408142    0.527053      0.6482   -0.492557   -0.660593   0.0161575  0.00410068  -0.0236196  -0.0393861    -0.20832    0.305513   0.0308426
(NM) 640: f = 225366 at 2.02414e-05    0.360585    0.403478     2.24709  -0.0366794  -0.0416112  -0.0251577  -0.0761653  -0.0606399  -0.0705042  -0.0287627  -0.0183613  -0.0568571  -0.0607825 -0.00431362  -0.0590389   0.0408142    0.527053      0.6482   -0.492557   -0.660593   0.0161575  0.00410068  -0.0236196  -0.0393861    -0.20832    0.305513   0.0308426
(NM) 660: f = 225366 at 1.99599e-05    0.360585    0.403456     2.24726   -0.037089  -0.0413393  -0.0247471  -0.0762018  -0.0608724  -0.0705044  -0.0288912  -0.0182927    -0.05681  -0.0609755 -0.00434102  -0.0590277    0.040824    0.526862     0.64825   -0.492797   -0.660721   0.0161442  0.00413235  -0.0235318   -0.039187   -0.208318    0.305646   0.0308892
(NM) 680: f = 225366 at 1.99599e-05    0.360585    0.403456     2.24726   -0.037089  -0.0413393  -0.0247471  -0.0762018  -0.0608724  -0.0705044  -0.0288912  -0.0182927    -0.05681  -0.0609755 -0.00434102  -0.0590277    0.040824    0.526862     0.64825   -0.492797   -0.660721   0.0161442  0.00413235  -0.0235318   -0.039187   -0.208318    0.305646   0.0308892
(NM) 700: f = 225366 at 2.02717e-05    0.360571     0.40345     2.24708  -0.0368666  -0.0413339   -0.024801  -0.0760052  -0.0605532  -0.0706308  -0.0288972  -0.0182087  -0.0569959  -0.0607576 -0.00434261  -0.0590185   0.0408391    0.526876    0.648304   -0.492799    -0.66074   0.0161462  0.00409859  -0.0235763  -0.0394524   -0.208936     0.30494   0.0306866
(NM) 720: f = 225366 at 2.02717e-05    0.360571     0.40345     2.24708  -0.0368666  -0.0413339   -0.024801  -0.0760052  -0.0605532  -0.0706308  -0.0288972  -0.0182087  -0.0569959  -0.0607576 -0.00434261  -0.0590185   0.0408391    0.526876    0.648304   -0.492799    -0.66074   0.0161462  0.00409859  -0.0235763  -0.0394524   -0.208936     0.30494   0.0306866
(NM) 740: f = 225366 at 2.02717e-05    0.360571     0.40345     2.24708  -0.0368666  -0.0413339   -0.024801  -0.0760052  -0.0605532  -0.0706308  -0.0288972  -0.0182087  -0.0569959  -0.0607576 -0.00434261  -0.0590185   0.0408391    0.526876    0.648304   -0.492799    -0.66074   0.0161462  0.00409859  -0.0235763  -0.0394524   -0.208936     0.30494   0.0306866
(NM) 760: f = 225366 at 2.03547e-05    0.360598     0.40346     2.24708  -0.0368806  -0.0416009  -0.0247271  -0.0759083  -0.0606832  -0.0706178  -0.0288688  -0.0184295  -0.0568232  -0.0607639 -0.00436907  -0.0590169   0.0408419    0.526814    0.648245   -0.492829    -0.66067   0.0161717  0.00411764  -0.0235303  -0.0393239   -0.208714    0.305001   0.0308165
(NM) 780: f = 225366 at 2.03893e-05    0.360617    0.403473     2.24715   -0.036922  -0.0416673  -0.0246669  -0.0758636  -0.0606111  -0.0705615  -0.0288889  -0.0182354  -0.0569606   -0.060764 -0.00435913  -0.0590153   0.0408517     0.52674    0.648268   -0.492834   -0.660737   0.0161796  0.00411541  -0.0235321  -0.0392835   -0.209099    0.304938   0.0305268
(NM) 800: f = 225366 at 2.01294e-05    0.360581    0.403433     2.24724   -0.036849  -0.0417694  -0.0247591  -0.0759725  -0.0607048  -0.0704218  -0.0289805  -0.0183522  -0.0570008  -0.0607655 -0.00437571  -0.0590157   0.0408445    0.526744    0.648194    -0.49285   -0.660734   0.0161673  0.00414177  -0.0234961  -0.0392669   -0.208773     0.30549   0.0312029
(NM) 820: f = 225366 at 2.01826e-05    0.360585     0.40344     2.24719  -0.0369624  -0.0416267   -0.024569  -0.0757481  -0.0606246  -0.0705902  -0.0289047  -0.0183314  -0.0570193  -0.0607258 -0.00430549  -0.0590106   0.0408537    0.526715    0.648279   -0.492866   -0.660779   0.0161575  0.00410611  -0.0235457  -0.0393171   -0.209354    0.304692   0.0306336
(NM) 840: f = 225366 at 2.04812e-05    0.360597    0.403458     2.24707  -0.0367371  -0.0416487  -0.0245987  -0.0757173    -0.06058  -0.0706563  -0.0288998  -0.0182773  -0.0570358  -0.0607123   -0.004288   -0.059005   0.0408569    0.526789    0.648257   -0.492862    -0.66074   0.0161564  0.00409963  -0.0235566  -0.0393522   -0.209828    0.304304   0.0302214
(NM) 860: f = 225366 at 2.04713e-05    0.360596    0.403456     2.24708  -0.0367403  -0.0416666  -0.0245996   -0.075701  -0.0605719  -0.0706453  -0.0289048  -0.0182858  -0.0570539  -0.0607084 -0.00427867  -0.0590036    0.040858    0.526788    0.648257   -0.492868   -0.660745   0.0161557  0.00410033  -0.0235533  -0.0393503   -0.209885    0.304296   0.0302069
(NM) 880: f = 225366 at 2.02546e-05     0.36058    0.403438     2.24726  -0.0369702  -0.0415941   -0.024573  -0.0756874  -0.0606484  -0.0705958  -0.0289715   -0.018323  -0.0570463   -0.060679  -0.0044115  -0.0590036    0.040858    0.526706     0.64819   -0.492905   -0.660817    0.016163  0.00410035   -0.023498  -0.0392874   -0.209578    0.304738   0.0306897
(NM) 900: f = 225366 at  2.0479e-05    0.360593    0.403458      2.2472  -0.0368343  -0.0416534  -0.0246169  -0.0756784  -0.0605779  -0.0705861  -0.0289644  -0.0183226  -0.0569624   -0.060733 -0.00429163  -0.0590048   0.0408631    0.526747    0.648164     -0.4929   -0.660787   0.0161559  0.00412289  -0.0235467    -0.03931   -0.209626    0.304593   0.0304668
(NM) 920: f = 225366 at  2.0479e-05    0.360593    0.403458      2.2472  -0.0368343  -0.0416534  -0.0246169  -0.0756784  -0.0605779  -0.0705861  -0.0289644  -0.0183226  -0.0569624   -0.060733 -0.00429163  -0.0590048   0.0408631    0.526747    0.648164     -0.4929   -0.660787   0.0161559  0.00412289  -0.0235467    -0.03931   -0.209626    0.304593   0.0304668
(NM) 940: f = 225366 at 2.04591e-05    0.360586    0.403447     2.24722  -0.0368089  -0.0416376  -0.0245757  -0.0755667  -0.0605865  -0.0706421  -0.0289568   -0.018371  -0.0570339  -0.0606337  -0.0042622  -0.0589962   0.0408729     0.52676     0.64814   -0.492931     -0.6608   0.0161413  0.00409782  -0.0235093  -0.0392805   -0.210188    0.304415   0.0300299
(NM) 960: f = 225366 at 2.05405e-05    0.360596    0.403459     2.24718    -0.03677  -0.0417029  -0.0246214  -0.0755262  -0.0605356  -0.0705706  -0.0289714  -0.0184022  -0.0570279  -0.0605924 -0.00424636  -0.0589876   0.0408778    0.526786    0.648164   -0.492937   -0.660787   0.0161411   0.0041029  -0.0235378  -0.0392832   -0.210653    0.304013   0.0298794
(NM) 980: f = 225366 at 2.04701e-05    0.360587    0.403455     2.24726  -0.0367682  -0.0416518  -0.0247015  -0.0755637  -0.0605813   -0.070598  -0.0289734  -0.0184294  -0.0570946  -0.0606921  -0.0042183  -0.0589907   0.0408719    0.526784    0.648096   -0.492996    -0.66079   0.0161466  0.00410568   -0.023504  -0.0392023   -0.210044    0.304553    0.030314
(NM) 1000: f = 225366 at 2.0474e-05   0.360588   0.403456    2.24726 -0.0367697 -0.0416517 -0.0247069  -0.075554 -0.0605825 -0.0705954 -0.0289829 -0.0184328 -0.0570972 -0.0606936 -0.0042045 -0.0589889  0.0408725   0.526783   0.648092  -0.493004  -0.660791  0.0161459 0.00410517 -0.0235036 -0.0391906  -0.210095   0.304553  0.0303078
(NM) 1020: f = 225366 at 2.05461e-05    0.360589    0.403466     2.24723  -0.0367236  -0.0416477  -0.0246665  -0.0755125  -0.0605847  -0.0706385  -0.0290282  -0.0183492  -0.0569089   -0.060658 -0.00423179  -0.0589813   0.0408781     0.52681    0.648097   -0.492951   -0.660778   0.0161406  0.00409892  -0.0235481  -0.0392835   -0.210637    0.304145   0.0299611
(NM) 1040: f = 225366 at 2.06313e-05    0.360598    0.403467     2.24722  -0.0368127    -0.04169   -0.024655   -0.075517   -0.060563  -0.0705989   -0.028977  -0.0183762   -0.056985  -0.0606873 -0.00420042   -0.058981   0.0408799    0.526784    0.648101   -0.493003   -0.660806   0.0161342  0.00410266  -0.0235123  -0.0391762   -0.210584    0.304271   0.0299963
(NM) 1060: f = 225366 at 2.06211e-05    0.360596    0.403466     2.24723  -0.0368101  -0.0416879  -0.0246643  -0.0755217  -0.0605685  -0.0705992  -0.0289832  -0.0183811  -0.0569854  -0.0606895 -0.00420301  -0.0589812   0.0408795    0.526783    0.648096   -0.493004   -0.660807   0.0161347  0.00410302  -0.0235109  -0.0391713   -0.210546    0.304319   0.0300288
(NM) 1080: f = 225366 at 2.04875e-05    0.360594    0.403466     2.24727  -0.0367833  -0.0415777  -0.0246877  -0.0755679  -0.0606421  -0.0706335  -0.0290178  -0.0183519  -0.0569522  -0.0607015 -0.00422205   -0.058984   0.0408737    0.526782     0.64811   -0.493002   -0.660798   0.0161395  0.00409614  -0.0235186  -0.0391794   -0.210386    0.304446   0.0303203
(NM) 1100: f = 225366 at 2.04858e-05    0.360594    0.403466     2.24727  -0.0367883    -0.04158  -0.0246909  -0.0755686  -0.0606418  -0.0706301  -0.0290195   -0.018355  -0.0569535  -0.0607024 -0.00421979  -0.0589838   0.0408736    0.526784    0.648108   -0.493004   -0.660799    0.016139  0.00409588  -0.0235191  -0.0391728   -0.210387    0.304471   0.0303295
(NM) 1120: f = 225366 at 2.04706e-05    0.360589    0.403457     2.24726  -0.0367736  -0.0416545  -0.0247071  -0.0755234  -0.0606062   -0.070608  -0.0290231  -0.0183738  -0.0570005  -0.0606898 -0.00425266  -0.0589781   0.0408767    0.526788    0.648115   -0.493016   -0.660803   0.0161436  0.00409591  -0.0235241    -0.03918   -0.210581    0.304501   0.0301241
(NM) 1140: f = 225366 at 2.04565e-05    0.360584    0.403454     2.24727  -0.0368026  -0.0416584  -0.0247478  -0.0755631  -0.0606068  -0.0705832  -0.0290327   -0.018377  -0.0569928  -0.0607353 -0.00426273   -0.058981   0.0408725    0.526798    0.648111   -0.493027   -0.660817   0.0161424  0.00409345  -0.0235091  -0.0391352   -0.210319     0.30475    0.030278
(NM) 1160: f = 225366 at  2.0507e-05    0.360594    0.403469     2.24725  -0.0367799  -0.0416747  -0.0247416  -0.0755432  -0.0606071  -0.0705838  -0.0290149  -0.0183379  -0.0569259  -0.0607359 -0.00428892  -0.0589756   0.0408756    0.526806    0.648136   -0.493042   -0.660805   0.0161411  0.00408267   -0.023518  -0.0391066   -0.210616    0.304661   0.0301079
(NM) 1180: f = 225366 at 2.04402e-05    0.360579    0.403456     2.24726  -0.0367849  -0.0416882  -0.0247634  -0.0755462  -0.0606393  -0.0705978  -0.0289882   -0.018375  -0.0569056  -0.0607241 -0.00429743  -0.0589782   0.0408755     0.52684    0.648137   -0.493014   -0.660831   0.0161376  0.00408172  -0.0235325  -0.0391372   -0.210643    0.304744    0.030133
(NM) 1200: f = 225366 at 2.04402e-05    0.360579    0.403456     2.24726  -0.0367849  -0.0416882  -0.0247634  -0.0755462  -0.0606393  -0.0705978  -0.0289882   -0.018375  -0.0569056  -0.0607241 -0.00429743  -0.0589782   0.0408755     0.52684    0.648137   -0.493014   -0.660831   0.0161376  0.00408172  -0.0235325  -0.0391372   -0.210643    0.304744    0.030133
(NM) 1220: f = 225366 at 2.04085e-05    0.360585    0.403455     2.24724  -0.0367801   -0.041682  -0.0247623  -0.0755785  -0.0605829   -0.070583  -0.0289751   -0.018353  -0.0569677  -0.0607376 -0.00432786   -0.058981    0.040872    0.526826    0.648182   -0.493008   -0.660824   0.0161384  0.00408143  -0.0235163  -0.0391476   -0.210501     0.30478   0.0301295
(NM) 1240: f = 225366 at 2.03965e-05    0.360584    0.403454     2.24724  -0.0367887   -0.041687  -0.0247663  -0.0755772  -0.0605818  -0.0705797  -0.0289775  -0.0183519  -0.0569696  -0.0607394 -0.00433762  -0.0589802   0.0408718    0.526825    0.648186   -0.493011   -0.660829    0.016139  0.00408066  -0.0235162  -0.0391417   -0.210502     0.30481   0.0301378
(NM) 1260: f = 225366 at 2.03915e-05    0.360586    0.403456     2.24729  -0.0368199  -0.0416836  -0.0247594  -0.0755636  -0.0606255  -0.0706016  -0.0289961  -0.0183609  -0.0569291  -0.0607318  -0.0043149  -0.0589784   0.0408731    0.526814    0.648162    -0.49303   -0.660847   0.0161379  0.00408289  -0.0235197  -0.0391006   -0.210534    0.304838    0.030314
(NM) 1280: f = 225366 at 2.04479e-05    0.360583    0.403459     2.24727  -0.0368095  -0.0416966  -0.0247735  -0.0755135  -0.0605672  -0.0706079  -0.0289957  -0.0183706  -0.0569139  -0.0607408 -0.00431988  -0.0589739   0.0408767    0.526835    0.648163    -0.49305   -0.660855   0.0161326  0.00407317  -0.0235317  -0.0390796     -0.2108    0.304812   0.0300284
(NM) 1300: f = 225366 at 2.04555e-05    0.360586    0.403457     2.24724  -0.0367925  -0.0417036  -0.0247611  -0.0755072  -0.0605867  -0.0706093  -0.0289648  -0.0183614  -0.0569482  -0.0607075 -0.00431165  -0.0589718   0.0408788    0.526844    0.648189   -0.493023   -0.660856   0.0161295  0.00406505  -0.0235333  -0.0391061   -0.210964    0.304717   0.0298587
(NM) 1320: f = 225366 at 2.04329e-05    0.360581    0.403451     2.24725  -0.0368404  -0.0416877  -0.0247477  -0.0755245  -0.0605862  -0.0706198  -0.0289597  -0.0183446  -0.0569148  -0.0607229 -0.00435849  -0.0589725   0.0408768    0.526833    0.648211   -0.493025   -0.660882   0.0161295  0.00406181  -0.0235341  -0.0390912   -0.210923    0.304818   0.0299392
(NM) 1340: f = 225366 at 2.04315e-05    0.360581    0.403451     2.24724  -0.0368485  -0.0416844  -0.0247453  -0.0755223  -0.0605807  -0.0706256  -0.0289529  -0.0183427  -0.0569113  -0.0607211 -0.00435772   -0.058972   0.0408771    0.526838    0.648219   -0.493022   -0.660886   0.0161274  0.00405872  -0.0235383  -0.0390889   -0.210977    0.304804    0.029914
(NM) 1360: f = 225366 at 2.04272e-05    0.360581    0.403451     2.24724  -0.0368277  -0.0417318   -0.024787  -0.0755417  -0.0605796   -0.070613   -0.028937  -0.0183987  -0.0569437  -0.0607097 -0.00432928  -0.0589759   0.0408757    0.526846     0.64821   -0.492993   -0.660876   0.0161324  0.00405749  -0.0235344  -0.0390864   -0.210804    0.304914   0.0300054
(NM) 1380: f = 225366 at 2.04757e-05    0.360583    0.403459     2.24724  -0.0368444  -0.0416856  -0.0247861  -0.0755488  -0.0605821  -0.0706113  -0.0289557   -0.018371  -0.0569297  -0.0607091 -0.00430659  -0.0589739   0.0408749    0.526857     0.64819   -0.493005   -0.660872    0.016125  0.00406258  -0.0235417  -0.0390831   -0.210812    0.304875    0.029997
(NM) 1400: f = 225366 at 2.04171e-05    0.360581    0.403453     2.24725  -0.0368715  -0.0416657  -0.0247544  -0.0755646  -0.0605783  -0.0706198  -0.0289643  -0.0183663  -0.0569222  -0.0607447 -0.00432997  -0.0589757   0.0408731    0.526844    0.648211   -0.493009   -0.660878   0.0161279  0.00406619  -0.0235377   -0.039079   -0.210744    0.304847   0.0300899
(NM) 1420: f = 225366 at 2.04332e-05    0.360582    0.403454     2.24725  -0.0368361  -0.0416959   -0.024788  -0.0755457  -0.0605795  -0.0706207   -0.028943  -0.0183729  -0.0569175  -0.0607336 -0.00434059  -0.0589741   0.0408755    0.526857    0.648216    -0.49301   -0.660887   0.0161254  0.00405962  -0.0235365  -0.0390673    -0.21086    0.304882   0.0299869
(NM) 1440: f = 225366 at 2.04568e-05    0.360586    0.403456     2.24725  -0.0368391  -0.0416857   -0.024768  -0.0755322  -0.0605719  -0.0706242  -0.0289598  -0.0183717  -0.0569469  -0.0607313 -0.00430851  -0.0589738   0.0408762    0.526834    0.648201   -0.493023   -0.660881   0.0161263  0.00406297  -0.0235295  -0.0390585   -0.210841     0.30485    0.030037
(NM) 1460: f = 225366 at 2.04617e-05    0.360585    0.403457     2.24724   -0.036853  -0.0416615  -0.0247613  -0.0755367  -0.0605534   -0.070646  -0.0289468  -0.0183712  -0.0569256  -0.0607236 -0.00431849  -0.0589743   0.0408761    0.526841    0.648219   -0.493009   -0.660889   0.0161226  0.00405808  -0.0235426  -0.0390605   -0.210898    0.304799   0.0300007
(NM) 1480: f = 225366 at  2.0457e-05    0.360584    0.403458     2.24726  -0.0368643  -0.0416444  -0.0248042  -0.0755517  -0.0605689  -0.0706469  -0.0289607  -0.0183771  -0.0569258  -0.0607444 -0.00432156  -0.0589728   0.0408745     0.52684    0.648216    -0.49302   -0.660902   0.0161235  0.00405742  -0.0235398  -0.0390253     -0.2108    0.304951   0.0301318
(NM) 1500: f = 225366 at 2.05196e-05    0.360591    0.403464     2.24726  -0.0368441  -0.0416317  -0.0248014  -0.0755339  -0.0605615  -0.0706838  -0.0289429  -0.0183804  -0.0569232  -0.0607305  -0.0042954  -0.0589738   0.0408765    0.526825     0.64821   -0.493019   -0.660906   0.0161207  0.00405353  -0.0235388  -0.0390055   -0.210838    0.304919   0.0301225
(NM) 1520: f = 225366 at 2.04541e-05    0.360584    0.403456     2.24727  -0.0368459  -0.0416468   -0.024824  -0.0755656  -0.0605632  -0.0706681  -0.0289476  -0.0184024  -0.0569285  -0.0607417 -0.00432189  -0.0589762   0.0408737    0.526834    0.648215   -0.493006   -0.660909   0.0161243  0.00405935  -0.0235389  -0.0390139   -0.210692    0.305019   0.0302271
(NM) 1540: f = 225366 at 2.04954e-05    0.360589    0.403461     2.24726  -0.0368532  -0.0416384  -0.0248118  -0.0755611  -0.0605572  -0.0706619  -0.0289569  -0.0183971  -0.0569402   -0.060747 -0.00429955  -0.0589758    0.040874    0.526813    0.648211   -0.493016   -0.660901   0.0161248  0.00406345  -0.0235376  -0.0389982   -0.210678    0.304941   0.0302788
(NM) 1560: f = 225366 at 2.04714e-05    0.360588    0.403458     2.24726  -0.0368185  -0.0416503  -0.0248153  -0.0755525  -0.0605718  -0.0706402  -0.0289749   -0.018404  -0.0569514  -0.0607345 -0.00430616  -0.0589743    0.040875     0.52682    0.648195   -0.493019   -0.660886   0.0161273  0.00406564  -0.0235336  -0.0390272   -0.210708    0.304908   0.0302489
(NM) 1580: f = 225366 at 2.04776e-05    0.360591    0.403459     2.24726  -0.0368193    -0.04164  -0.0248072  -0.0755707   -0.060571  -0.0706603  -0.0289696  -0.0184075  -0.0569453  -0.0607421 -0.00428961  -0.0589771   0.0408741    0.526818    0.648198   -0.493004   -0.660884   0.0161262  0.00407091  -0.0235362  -0.0390258   -0.210638    0.304909   0.0302891
(NM) 1600: f = 225366 at 2.04817e-05    0.360587    0.403457     2.24725  -0.0368296  -0.0416307  -0.0247986  -0.0755564  -0.0605756  -0.0706754  -0.0289676  -0.0183859  -0.0569176  -0.0607394 -0.00431779  -0.0589737   0.0408756    0.526824    0.648226   -0.492999   -0.660906   0.0161222   0.0040639  -0.0235482  -0.0390204   -0.210848    0.304872   0.0301589
(NM) 1620: f = 225366 at 2.04519e-05    0.360593    0.403457     2.24723   -0.036797  -0.0416696  -0.0248346  -0.0755875  -0.0605568  -0.0706483  -0.0289513   -0.018421  -0.0569789  -0.0607423 -0.00429103  -0.0589735   0.0408756    0.526841    0.648248   -0.492978   -0.660891   0.0161211  0.00406598  -0.0235482  -0.0390031   -0.210865    0.304821   0.0301867
(NM) 1640: f = 225366 at 2.04293e-05    0.360589    0.403451     2.24725  -0.0367839   -0.041635  -0.0248314   -0.075578  -0.0605628   -0.070682  -0.0289875  -0.0184358  -0.0569675  -0.0607234 -0.00431679  -0.0589745   0.0408761    0.526822    0.648243   -0.492978   -0.660904   0.0161226  0.00407176  -0.0235528  -0.0390071   -0.210817    0.304873     0.03025
(NM) 1660: f = 225366 at 2.04574e-05    0.360591    0.403453     2.24724   -0.036774  -0.0416597  -0.0248403  -0.0755873  -0.0605652  -0.0706597  -0.0289839  -0.0184322  -0.0569515  -0.0607296 -0.00431966  -0.0589733   0.0408765    0.526818    0.648243   -0.492983   -0.660898   0.0161223  0.00407513  -0.0235573  -0.0389961   -0.210847    0.304838   0.0302776
(NM) 1680: f = 225366 at 2.04264e-05    0.360591    0.403452     2.24723  -0.0367623  -0.0416636  -0.0248054    -0.07556  -0.0605681  -0.0706606  -0.0290066  -0.0184154  -0.0569653  -0.0607181 -0.00431292  -0.0589696   0.0408795    0.526827    0.648251   -0.492995   -0.660886   0.0161199  0.00407664  -0.0235619  -0.0390036   -0.211089    0.304694   0.0301139
(NM) 1700: f = 225366 at 2.04322e-05    0.360593    0.403454     2.24723  -0.0367556  -0.0416221  -0.0248367  -0.0756143  -0.0605799  -0.0706769  -0.0290103   -0.018436   -0.056949  -0.0607368 -0.00430665   -0.058972   0.0408767    0.526833    0.648255   -0.492971   -0.660886   0.0161173  0.00408165  -0.0235686  -0.0389811   -0.210928    0.304769   0.0302344
(NM) 1720: f = 225366 at 2.04496e-05    0.360591    0.403454     2.24725  -0.0367846  -0.0416366  -0.0248361  -0.0755786  -0.0605674  -0.0706767  -0.0289981  -0.0184276  -0.0569471  -0.0607343 -0.00431153  -0.0589718   0.0408771    0.526822    0.648238   -0.492997   -0.660899   0.0161207  0.00407429  -0.0235577  -0.0389818   -0.210895     0.30485   0.0302676
(NM) 1740: f = 225366 at  2.0442e-05    0.360591    0.403455     2.24723  -0.0367826  -0.0416467  -0.0248254  -0.0755914  -0.0605757  -0.0706585  -0.0290031  -0.0184137  -0.0569411  -0.0607389 -0.00430839  -0.0589704   0.0408772     0.52683    0.648241   -0.492999   -0.660882   0.0161205  0.00407822  -0.0235641  -0.0389906   -0.210952    0.304779   0.0302232
(NM) 1760: f = 225366 at 2.04377e-05    0.360593    0.403453     2.24724  -0.0367547  -0.0416535   -0.024842  -0.0755822  -0.0605631  -0.0706747  -0.0290024  -0.0184334  -0.0569425  -0.0607318 -0.00431621   -0.058969   0.0408792     0.52683    0.648253   -0.492993   -0.660895   0.0161178  0.00407744  -0.0235721  -0.0389712   -0.211066     0.30477   0.0302164
(NM) 1780: f = 225366 at 2.04348e-05    0.360592    0.403453     2.24723  -0.0367621  -0.0416351  -0.0248269    -0.07559  -0.0605822  -0.0706724  -0.0290257  -0.0184206  -0.0569279  -0.0607306 -0.00430904  -0.0589685   0.0408793    0.526828    0.648241   -0.492998   -0.660882   0.0161179  0.00408167  -0.0235741  -0.0389787   -0.211064    0.304741   0.0302457
(NM) 1800: f = 225366 at 2.04143e-05     0.36059    0.403451     2.24724  -0.0367755  -0.0416429  -0.0248378  -0.0755957  -0.0605718  -0.0706873  -0.0289992   -0.018428  -0.0569328  -0.0607351 -0.00432339   -0.058971   0.0408781     0.52683    0.648258   -0.492986   -0.660901   0.0161179  0.00407758  -0.0235721  -0.0389699   -0.210996    0.304826   0.0302654
(NM) 1820: f = 225366 at 2.04111e-05    0.360591    0.403452     2.24725  -0.0367727   -0.041655  -0.0248468  -0.0755913  -0.0605744  -0.0706748  -0.0290014  -0.0184368    -0.05694  -0.0607328 -0.00431898  -0.0589705   0.0408783    0.526828    0.648245   -0.492998   -0.660896   0.0161191  0.00407858  -0.0235682  -0.0389643   -0.210964    0.304844   0.0303168
(NM) 1840: f = 225366 at 2.04111e-05    0.360589    0.403449     2.24724  -0.0367595  -0.0416693   -0.024829  -0.0755919  -0.0605922  -0.0706796  -0.0290065  -0.0184305  -0.0569263    -0.06072 -0.00432228  -0.0589686   0.0408803    0.526833    0.648248   -0.492987    -0.66089   0.0161189  0.00408025  -0.0235774  -0.0389779   -0.211108    0.304774   0.0302244
(NM) 1860: f = 225366 at 2.04278e-05     0.36059    0.403452     2.24725  -0.0367755  -0.0416542  -0.0248166  -0.0755898  -0.0605973  -0.0706835  -0.0290032  -0.0184213  -0.0569148  -0.0607252 -0.00431166  -0.0589708   0.0408794    0.526816    0.648227   -0.492999    -0.66089   0.0161192  0.00408419  -0.0235727  -0.0389749   -0.210996    0.304775    0.030335
(NM) 1880: f = 225366 at 2.04044e-05    0.360589    0.403451     2.24726  -0.0367693  -0.0416566  -0.0248259  -0.0756016   -0.060606  -0.0706886  -0.0290105  -0.0184278  -0.0569091  -0.0607222 -0.00431755  -0.0589697   0.0408801    0.526821    0.648234   -0.492994   -0.660892    0.016118   0.0040859  -0.0235815  -0.0389619   -0.211055    0.304782   0.0303559
(NM) 1900: f = 225366 at 2.04292e-05    0.360589    0.403451     2.24724  -0.0367666  -0.0416777  -0.0248272  -0.0756081   -0.060599  -0.0706876  -0.0289849   -0.018425  -0.0568991  -0.0607249 -0.00432695  -0.0589703   0.0408801    0.526822    0.648241   -0.492988   -0.660896   0.0161172  0.00408298  -0.0235822  -0.0389581   -0.211067    0.304788   0.0303413
(NM) 1920: f = 225366 at 2.04128e-05    0.360587    0.403451     2.24726  -0.0367779  -0.0416703  -0.0248016  -0.0756054  -0.0606141   -0.070699  -0.0289949  -0.0184184  -0.0568963  -0.0607123  -0.0043208    -0.05897   0.0408811     0.52682    0.648224    -0.49299   -0.660888   0.0161181  0.00408639  -0.0235853  -0.0389655   -0.211094    0.304757    0.030345
(NM) 1940: f = 225366 at 2.04182e-05     0.36059    0.403453     2.24725   -0.036776  -0.0416615  -0.0247975  -0.0756197  -0.0606124  -0.0706973  -0.0289929  -0.0184096  -0.0569069  -0.0607209 -0.00431759  -0.0589705   0.0408799    0.526814    0.648229    -0.49299   -0.660884   0.0161185  0.00408774  -0.0235814  -0.0389686   -0.211042    0.304744   0.0303775
(NM) 1960: f = 225366 at 2.04225e-05     0.36059    0.403451     2.24726  -0.0367774  -0.0416624  -0.0248101  -0.0756044  -0.0605901  -0.0707113  -0.0289831  -0.0184253  -0.0569298  -0.0607194 -0.00431711  -0.0589702   0.0408812    0.526808    0.648236   -0.492994     -0.6609   0.0161171  0.00408303  -0.0235792  -0.0389429   -0.211075    0.304769   0.0304042
(NM) 1980: f = 225366 at 2.04196e-05     0.36059    0.403452     2.24725  -0.0367717  -0.0416942  -0.0247948  -0.0756313  -0.0606109  -0.0707024  -0.0289697  -0.0184201  -0.0569188  -0.0607126  -0.0043136  -0.0589705   0.0408813    0.526811    0.648227   -0.492989   -0.660879   0.0161187   0.0040889  -0.0235844  -0.0389525   -0.211073    0.304744   0.0304205
(NM) 2000: f = 225366 at 2.03891e-05    0.360588     0.40345     2.24725  -0.0367814  -0.0416882  -0.0247908    -0.07564  -0.0606065  -0.0706942   -0.028971   -0.018413  -0.0569282  -0.0607249 -0.00432768  -0.0589719   0.0408797    0.526812    0.648231   -0.492989   -0.660877   0.0161212  0.00408924  -0.0235791  -0.0389634   -0.210998    0.304761   0.0304552
(NM) 2020: f = 225366 at 2.04123e-05    0.360589    0.403453     2.24724  -0.0367845   -0.041681  -0.0248101  -0.0756644  -0.0605984  -0.0706987   -0.028966  -0.0184122  -0.0569433  -0.0607272 -0.00430958  -0.0589706   0.0408795    0.526824    0.648233   -0.492991   -0.660874   0.0161167  0.00408936  -0.0235846  -0.0389366   -0.211013    0.304788   0.0304953
(NM) 2040: f = 225366 at 2.04123e-05    0.360589    0.403453     2.24724  -0.0367845   -0.041681  -0.0248101  -0.0756644  -0.0605984  -0.0706987   -0.028966  -0.0184122  -0.0569433  -0.0607272 -0.00430958  -0.0589706   0.0408795    0.526824    0.648233   -0.492991   -0.660874   0.0161167  0.00408936  -0.0235846  -0.0389366   -0.211013    0.304788   0.0304953
(NM) 2060: f = 225366 at 2.04111e-05    0.360589    0.403452     2.24724  -0.0367872  -0.0416802  -0.0247897  -0.0756489  -0.0605917  -0.0706983  -0.0289739  -0.0184108   -0.056942  -0.0607189  -0.0043129  -0.0589699   0.0408807    0.526816    0.648226   -0.492997    -0.66087    0.016119  0.00408717  -0.0235825  -0.0389488   -0.211051    0.304752   0.0304501
(NM) 2080: f = 225366 at 2.04115e-05    0.360588    0.403451     2.24725   -0.036777  -0.0416895  -0.0248009  -0.0756541  -0.0605933  -0.0707122  -0.0289702  -0.0184212  -0.0569453  -0.0607137 -0.00431656  -0.0589692   0.0408818    0.526815    0.648225   -0.492996   -0.660878   0.0161171  0.00408907  -0.0235861  -0.0389234   -0.211084     0.30478   0.0304759
(NM) 2100: f = 225366 at 2.03874e-05    0.360585    0.403449     2.24725  -0.0367838  -0.0417008  -0.0247989  -0.0756849  -0.0605875  -0.0707048  -0.0289633  -0.0184216  -0.0569669  -0.0607187 -0.00432147  -0.0589687   0.0408817    0.526822    0.648217   -0.493002   -0.660867   0.0161178  0.00409162  -0.0235875  -0.0389138   -0.211073    0.304807   0.0305509
(NM) 2120: f = 225366 at 2.03822e-05    0.360587    0.403449     2.24724  -0.0367717  -0.0416872  -0.0247968  -0.0756846  -0.0605874  -0.0707142  -0.0289668  -0.0184146  -0.0569615  -0.0607199 -0.00432611  -0.0589688   0.0408817    0.526826    0.648232    -0.49299   -0.660868   0.0161163  0.00409114  -0.0235903  -0.0389237   -0.211109    0.304763   0.0305128
(NM) 2140: f = 225366 at 2.03852e-05    0.360584    0.403448     2.24725  -0.0367864  -0.0416958  -0.0247997  -0.0756635  -0.0605809  -0.0707113  -0.0289735  -0.0184188  -0.0569584   -0.060714 -0.00433262  -0.0589664   0.0408835    0.526828    0.648223   -0.493009   -0.660875   0.0161156  0.00408828  -0.0235911   -0.038903   -0.211186    0.304793    0.030483
(NM) 2160: f = 225366 at 2.03852e-05    0.360584    0.403448     2.24725  -0.0367864  -0.0416958  -0.0247997  -0.0756635  -0.0605809  -0.0707113  -0.0289735  -0.0184188  -0.0569584   -0.060714 -0.00433262  -0.0589664   0.0408835    0.526828    0.648223   -0.493009   -0.660875   0.0161156  0.00408828  -0.0235911   -0.038903   -0.211186    0.304793    0.030483
(NM) 2180: f = 225366 at 2.03852e-05    0.360584    0.403448     2.24725  -0.0367864  -0.0416958  -0.0247997  -0.0756635  -0.0605809  -0.0707113  -0.0289735  -0.0184188  -0.0569584   -0.060714 -0.00433262  -0.0589664   0.0408835    0.526828    0.648223   -0.493009   -0.660875   0.0161156  0.00408828  -0.0235911   -0.038903   -0.211186    0.304793    0.030483
(NM) 2200: f = 225366 at 2.03901e-05    0.360585    0.403448     2.24725  -0.0367749  -0.0416789  -0.0248001  -0.0756557  -0.0605833  -0.0707173  -0.0289841  -0.0184238   -0.056956  -0.0607135 -0.00432765  -0.0589676   0.0408829    0.526821    0.648223      -0.493   -0.660878   0.0161165  0.00408972  -0.0235891  -0.0389176   -0.211148    0.304775   0.0304698
(NM) 2220: f = 225366 at 2.03919e-05    0.360585    0.403449     2.24725  -0.0367833  -0.0416811  -0.0247933  -0.0756521  -0.0605841   -0.070716  -0.0289843   -0.018412  -0.0569522   -0.060713 -0.00433311  -0.0589669    0.040883     0.52682    0.648224   -0.493005   -0.660878   0.0161169  0.00408871   -0.023589  -0.0389186   -0.211157    0.304765   0.0304651
(NM) 2240: f = 225366 at 2.03755e-05    0.360584    0.403447     2.24725  -0.0367811  -0.0416874  -0.0247924  -0.0756719  -0.0605759  -0.0707094  -0.0289816  -0.0184146  -0.0569691  -0.0607163 -0.00433604   -0.058966   0.0408834    0.526828    0.648222   -0.493006   -0.660869   0.0161167  0.00409045  -0.0235917  -0.0389136   -0.211188    0.304757   0.0304897
(NM) 2260: f = 225366 at 2.04027e-05    0.360586    0.403449     2.24725  -0.0367798  -0.0416778  -0.0247968  -0.0756543  -0.0605775  -0.0707185  -0.0289797  -0.0184178  -0.0569605  -0.0607135 -0.00432535   -0.058967   0.0408833    0.526818    0.648221   -0.493005   -0.660878   0.0161161  0.00408825  -0.0235886   -0.038912   -0.211159    0.304763   0.0304874
(NM) 2280: f = 225366 at 2.03929e-05    0.360586    0.403449     2.24725  -0.0367794  -0.0416893  -0.0247877  -0.0756682  -0.0605778  -0.0707193  -0.0289688  -0.0184181  -0.0569685  -0.0607107 -0.00432625  -0.0589677   0.0408833     0.52682     0.64822      -0.493   -0.660871   0.0161169  0.00408976  -0.0235895   -0.038917    -0.21115    0.304753   0.0304936
(NM) 2300: f = 225366 at 2.04004e-05    0.360586     0.40345     2.24725  -0.0367727  -0.0416827  -0.0247866  -0.0756623  -0.0605763  -0.0707193  -0.0289763   -0.018415  -0.0569649  -0.0607098 -0.00432697   -0.058967   0.0408836     0.52682    0.648219      -0.493    -0.66087   0.0161167  0.00408954  -0.0235896  -0.0389217   -0.211176    0.304728   0.0304679
(NM) 2320: f = 225366 at  2.0398e-05    0.360585    0.403449     2.24725  -0.0367802  -0.0416836    -0.02478  -0.0756525  -0.0605716  -0.0707137  -0.0289785  -0.0184096  -0.0569667  -0.0607093 -0.00433355  -0.0589667   0.0408838    0.526818    0.648211   -0.493006    -0.66087   0.0161181  0.00408819   -0.023585  -0.0389292   -0.211164    0.304732   0.0304468
(NM) 2340: f = 225366 at 2.03997e-05    0.360586     0.40345     2.24725  -0.0367792  -0.0416791   -0.024788  -0.0756579  -0.0605664  -0.0707165  -0.0289748  -0.0184107  -0.0569724  -0.0607129 -0.00433052   -0.058967   0.0408835    0.526819    0.648214   -0.493004   -0.660872   0.0161173  0.00408769  -0.0235849  -0.0389239   -0.211153    0.304742   0.0304781
(NM) 2360: f = 225366 at 2.04043e-05    0.360586     0.40345     2.24726  -0.0367715  -0.0416753  -0.0247855   -0.075664  -0.0605665   -0.070718  -0.0289855   -0.018407  -0.0569726  -0.0607103 -0.00432986  -0.0589655   0.0408845    0.526819    0.648202   -0.493008   -0.660864   0.0161171  0.00409106   -0.023589  -0.0389208   -0.211187    0.304718   0.0304992
(NM) 2380: f = 225366 at 2.04056e-05    0.360586     0.40345     2.24725  -0.0367766  -0.0416796  -0.0247808  -0.0756618  -0.0605658  -0.0707192  -0.0289759  -0.0184032   -0.056972  -0.0607117 -0.00433335  -0.0589663   0.0408842    0.526818    0.648207   -0.493007   -0.660867   0.0161176  0.00408897  -0.0235862  -0.0389236   -0.211169    0.304723   0.0304917
(NM) 2400: f = 225366 at 2.04041e-05    0.360586    0.403451     2.24726  -0.0367707  -0.0416678   -0.024786  -0.0756651  -0.0605653  -0.0707262  -0.0289799  -0.0184021  -0.0569721  -0.0607149 -0.00433359   -0.058966   0.0408843    0.526819    0.648208   -0.493003   -0.660869   0.0161165  0.00408994  -0.0235885  -0.0389192   -0.211187    0.304713     0.03051
(NM) 2420: f = 225366 at 2.04019e-05    0.360586     0.40345     2.24726  -0.0367689  -0.0416803  -0.0247859  -0.0756713  -0.0605659  -0.0707259   -0.028972  -0.0184059  -0.0569798  -0.0607128 -0.00433613  -0.0589661   0.0408845    0.526817    0.648203   -0.493003   -0.660867   0.0161176  0.00409039  -0.0235869  -0.0389155    -0.21117     0.30473   0.0305331
(NM) 2440: f = 225366 at 2.04022e-05    0.360587    0.403451     2.24726  -0.0367619  -0.0416763   -0.024782  -0.0756666  -0.0605701  -0.0707241  -0.0289787   -0.018398   -0.056974  -0.0607143 -0.00433613  -0.0589656   0.0408849    0.526817    0.648197   -0.493003   -0.660862   0.0161185  0.00409159  -0.0235875  -0.0389269   -0.211189    0.304693   0.0305269
(NM) 2460: f = 225366 at 2.04148e-05    0.360588    0.403453     2.24726  -0.0367646  -0.0416649  -0.0247896  -0.0756655  -0.0605614  -0.0707219  -0.0289792   -0.018396  -0.0569748    -0.06072 -0.00433488  -0.0589661   0.0408841    0.526815    0.648196   -0.493004   -0.660864   0.0161184  0.00409034   -0.023584  -0.0389272   -0.211137    0.304709   0.0305546
(NM) 2480: f = 225366 at 2.04063e-05    0.360586    0.403451     2.24726  -0.0367598  -0.0416757  -0.0248013  -0.0756666  -0.0605668  -0.0707247  -0.0289763   -0.018406  -0.0569741  -0.0607161 -0.00433618  -0.0589653   0.0408847    0.526821    0.648202   -0.493002   -0.660869   0.0161174  0.00408972  -0.0235882  -0.0389159   -0.211182    0.304734   0.0305497
(NM) 2500: f = 225366 at 2.04113e-05    0.360587    0.403453     2.24726  -0.0367595  -0.0416849  -0.0247985  -0.0756706  -0.0605719  -0.0707221   -0.028968  -0.0183953  -0.0569678  -0.0607217 -0.00433866  -0.0589657   0.0408846    0.526816    0.648196   -0.493003   -0.660865    0.016119  0.00409095  -0.0235867  -0.0389195   -0.211154     0.30473    0.030596
(NM) 2520: f = 225366 at 2.04046e-05    0.360587    0.403451     2.24726  -0.0367539  -0.0416858  -0.0248022  -0.0756729  -0.0605737  -0.0707246  -0.0289678  -0.0184035  -0.0569699   -0.060719 -0.00434028  -0.0589655   0.0408848    0.526819    0.648201   -0.492997   -0.660867   0.0161182  0.00409198  -0.0235896   -0.038918   -0.211174    0.304724   0.0305837
(NM) 2540: f = 225366 at 2.04179e-05    0.360588    0.403454     2.24726  -0.0367539  -0.0416864  -0.0247986  -0.0756786  -0.0605723  -0.0707193  -0.0289648  -0.0183902  -0.0569732  -0.0607212 -0.00433638  -0.0589638   0.0408855    0.526823    0.648192   -0.492996   -0.660855   0.0161199  0.00408977  -0.0235913   -0.038927   -0.211208    0.304689   0.0306016
(NM) 2560: f = 225366 at 2.04179e-05    0.360588    0.403454     2.24726  -0.0367539  -0.0416864  -0.0247986  -0.0756786  -0.0605723  -0.0707193  -0.0289648  -0.0183902  -0.0569732  -0.0607212 -0.00433638  -0.0589638   0.0408855    0.526823    0.648192   -0.492996   -0.660855   0.0161199  0.00408977  -0.0235913   -0.038927   -0.211208    0.304689   0.0306016
(NM) 2580: f = 225366 at 2.04114e-05    0.360587    0.403452     2.24726  -0.0367557  -0.0416896  -0.0248073  -0.0756628  -0.0605683  -0.0707192  -0.0289621  -0.0183987  -0.0569699  -0.0607227 -0.00434477  -0.0589652   0.0408846    0.526823    0.648202   -0.492997   -0.660868   0.0161199  0.00408774  -0.0235864  -0.0389283   -0.211168    0.304735   0.0305593
(NM) 2600: f = 225366 at 2.04106e-05    0.360587    0.403452     2.24726  -0.0367524  -0.0416856  -0.0248075  -0.0756682  -0.0605693  -0.0707207  -0.0289658  -0.0183904  -0.0569718  -0.0607241 -0.00434804  -0.0589638   0.0408853    0.526826      0.6482   -0.492997   -0.660864   0.0161197  0.00408875  -0.0235901  -0.0389273   -0.211207    0.304709   0.0305811
(NM) 2620: f = 225366 at 2.04209e-05    0.360587    0.403452     2.24726  -0.0367535  -0.0416834  -0.0248064  -0.0756551  -0.0605672  -0.0707206  -0.0289673  -0.0183956  -0.0569678  -0.0607195  -0.0043445  -0.0589637   0.0408855    0.526826    0.648203   -0.492995   -0.660868   0.0161194  0.00408599  -0.0235898  -0.0389313    -0.21123    0.304702   0.0305236
(NM) 2640: f = 225366 at 2.04279e-05    0.360587    0.403453     2.24725  -0.0367576  -0.0416849  -0.0247917  -0.0756578  -0.0605695  -0.0707212  -0.0289668  -0.0183883  -0.0569654  -0.0607153 -0.00434325  -0.0589629   0.0408862    0.526827    0.648201   -0.492994   -0.660861   0.0161194  0.00408649  -0.0235938  -0.0389348   -0.211274    0.304657    0.030509
(NM) 2660: f = 225366 at 2.04359e-05    0.360588    0.403454     2.24725   -0.036754  -0.0416852  -0.0248053  -0.0756608   -0.060565  -0.0707235  -0.0289572  -0.0183842  -0.0569683  -0.0607215 -0.00434558  -0.0589624   0.0408863    0.526829    0.648204    -0.49299   -0.660863   0.0161197  0.00408454  -0.0235951  -0.0389332   -0.211277    0.304665   0.0305498
(NM) 2680: f = 225366 at 2.04335e-05    0.360587    0.403453     2.24725  -0.0367585  -0.0416791  -0.0247992  -0.0756587   -0.060562  -0.0707238  -0.0289672  -0.0183846  -0.0569688  -0.0607199  -0.0043472  -0.0589617   0.0408867    0.526828    0.648203   -0.492995   -0.660861   0.0161195  0.00408503  -0.0235968  -0.0389289   -0.211298    0.304657   0.0305363
(NM) 2700: f = 225366 at 2.04482e-05    0.360588    0.403454     2.24724  -0.0367645  -0.0416798  -0.0247916  -0.0756469  -0.0605657  -0.0707213  -0.0289636  -0.0183825  -0.0569664  -0.0607171 -0.00434127   -0.058962   0.0408867    0.526824    0.648198   -0.492992   -0.660861    0.016121  0.00408387  -0.0235957  -0.0389409   -0.211285     0.30463   0.0305282
(NM) 2720: f = 225366 at 2.04459e-05    0.360588    0.403455     2.24725  -0.0367592  -0.0416768   -0.024808  -0.0756565  -0.0605558  -0.0707301   -0.028954  -0.0183797  -0.0569754  -0.0607262 -0.00434889  -0.0589617   0.0408868    0.526824      0.6482   -0.492991   -0.660863   0.0161213  0.00408373   -0.023597  -0.0389305   -0.211269    0.304654   0.0306136
(NM) 2740: f = 225366 at 2.04459e-05    0.360588    0.403455     2.24725  -0.0367592  -0.0416768   -0.024808  -0.0756565  -0.0605558  -0.0707301   -0.028954  -0.0183797  -0.0569754  -0.0607262 -0.00434889  -0.0589617   0.0408868    0.526824      0.6482   -0.492991   -0.660863   0.0161213  0.00408373   -0.023597  -0.0389305   -0.211269    0.304654   0.0306136
(NM) 2760: f = 225366 at 2.04366e-05    0.360587    0.403453     2.24725  -0.0367612  -0.0416672  -0.0247839  -0.0756521  -0.0605691  -0.0707375  -0.0289753  -0.0183861  -0.0569638  -0.0607156  -0.0043469  -0.0589615   0.0408879    0.526814    0.648196   -0.492991   -0.660859   0.0161213  0.00408942  -0.0236052  -0.0389275   -0.211313     0.30459   0.0306086
(NM) 2780: f = 225366 at 2.04371e-05    0.360587    0.403453     2.24724  -0.0367566  -0.0416763  -0.0248039  -0.0756586  -0.0605674  -0.0707339  -0.0289637  -0.0183882  -0.0569678  -0.0607231 -0.00434957  -0.0589619    0.040887     0.52682    0.648204   -0.492987   -0.660863   0.0161215  0.00408752  -0.0236035  -0.0389244   -0.211281    0.304638    0.030638
(NM) 2800: f = 225366 at 2.04386e-05    0.360587    0.403453     2.24724  -0.0367698  -0.0416731  -0.0247965  -0.0756505  -0.0605746  -0.0707304  -0.0289662  -0.0183893   -0.056962  -0.0607223 -0.00434287  -0.0589622   0.0408867    0.526817    0.648207   -0.492986   -0.660864   0.0161221  0.00408804  -0.0236059  -0.0389299   -0.211273    0.304614   0.0306328
(NM) 2820: f = 225366 at 2.04397e-05    0.360588    0.403453     2.24724  -0.0367605  -0.0416786  -0.0248082  -0.0756578  -0.0605794  -0.0707337  -0.0289578   -0.018391  -0.0569661  -0.0607289 -0.00434653  -0.0589621   0.0408869    0.526813    0.648203    -0.49298   -0.660862   0.0161243  0.00409007  -0.0236079  -0.0389265   -0.211241    0.304617   0.0307332
(NM) 2840: f = 225366 at 2.04397e-05    0.360588    0.403453     2.24724  -0.0367605  -0.0416786  -0.0248082  -0.0756578  -0.0605794  -0.0707337  -0.0289578   -0.018391  -0.0569661  -0.0607289 -0.00434653  -0.0589621   0.0408869    0.526813    0.648203    -0.49298   -0.660862   0.0161243  0.00409007  -0.0236079  -0.0389265   -0.211241    0.304617   0.0307332
(NM) 2860: f = 225366 at 2.04231e-05    0.360586    0.403451     2.24725  -0.0367684  -0.0416697  -0.0248038  -0.0756579   -0.060576  -0.0707342  -0.0289665  -0.0183978  -0.0569761  -0.0607282 -0.00434606   -0.058963   0.0408862    0.526811    0.648207   -0.492982   -0.660863   0.0161247  0.00409069  -0.0236064  -0.0389261   -0.211207    0.304631   0.0307284
(NM) 2880: f = 225366 at 2.04239e-05    0.360586    0.403451     2.24725  -0.0367686  -0.0416695  -0.0248035  -0.0756573   -0.060576  -0.0707341  -0.0289666  -0.0183974  -0.0569761   -0.060728 -0.00434569  -0.0589629   0.0408863    0.526811    0.648206   -0.492982   -0.660863   0.0161248  0.00409058  -0.0236066  -0.0389266    -0.21121    0.304629   0.0307286
(NM) 2900: f = 225366 at 2.04382e-05    0.360587    0.403453     2.24724  -0.0367704  -0.0416739  -0.0248024  -0.0756495  -0.0605784  -0.0707307  -0.0289634  -0.0183855  -0.0569654  -0.0607302 -0.00434856  -0.0589619   0.0408869    0.526809    0.648199   -0.492984   -0.660859   0.0161263  0.00408962  -0.0236082  -0.0389336   -0.211232    0.304606   0.0307456
(NM) 2920: f = 225366 at 2.04288e-05    0.360586    0.403451     2.24724  -0.0367712   -0.041674  -0.0248051  -0.0756568   -0.060579  -0.0707357  -0.0289631  -0.0183949   -0.056972  -0.0607284 -0.00434609  -0.0589614   0.0408873     0.52681    0.648201   -0.492981    -0.66086   0.0161257  0.00409133  -0.0236134  -0.0389242   -0.211252    0.304604   0.0307742
(NM) 2940: f = 225366 at 2.04332e-05    0.360587    0.403452     2.24725  -0.0367591  -0.0416714  -0.0248088  -0.0756533  -0.0605765    -0.07073  -0.0289685  -0.0183938  -0.0569726  -0.0607295 -0.00434508  -0.0589621   0.0408869    0.526811    0.648196   -0.492982   -0.660859   0.0161256  0.00409092   -0.023606  -0.0389314   -0.211223    0.304612   0.0307369
(NM) 2960: f = 225366 at 2.04299e-05    0.360586    0.403452     2.24725   -0.036767  -0.0416752  -0.0248038  -0.0756522   -0.060576  -0.0707291  -0.0289684   -0.018393  -0.0569723  -0.0607252 -0.00434668  -0.0589613   0.0408873    0.526814    0.648196   -0.492985   -0.660859   0.0161253  0.00408979  -0.0236079  -0.0389305   -0.211254    0.304615   0.0307145
(NM) 2980: f = 225366 at 2.04273e-05    0.360585    0.403451     2.24725   -0.036772  -0.0416715  -0.0248038  -0.0756467  -0.0605757  -0.0707283   -0.028971   -0.018392  -0.0569757  -0.0607277 -0.00434708   -0.058961   0.0408874    0.526811    0.648193   -0.492985   -0.660857   0.0161273  0.00409008  -0.0236094   -0.038935   -0.211243      0.3046   0.0307514
(NM) 3000: f = 225366 at 2.04308e-05    0.360586    0.403451     2.24725  -0.0367645  -0.0416731  -0.0248086  -0.0756518  -0.0605746  -0.0707315  -0.0289669  -0.0183976  -0.0569797  -0.0607265 -0.00434513  -0.0589611   0.0408875    0.526813    0.648195   -0.492981   -0.660858   0.0161263  0.00409028  -0.0236095  -0.0389307   -0.211248    0.304602   0.0307498
(NM) 3020: f = 225366 at 2.04308e-05    0.360586    0.403451     2.24725  -0.0367645  -0.0416731  -0.0248086  -0.0756518  -0.0605746  -0.0707315  -0.0289669  -0.0183976  -0.0569797  -0.0607265 -0.00434513  -0.0589611   0.0408875    0.526813    0.648195   -0.492981   -0.660858   0.0161263  0.00409028  -0.0236095  -0.0389307   -0.211248    0.304602   0.0307498
(NM) 3040: f = 225366 at 2.04328e-05    0.360586    0.403452     2.24725  -0.0367661  -0.0416701  -0.0248068  -0.0756467  -0.0605762   -0.070728  -0.0289735  -0.0183935  -0.0569743  -0.0607263  -0.0043454  -0.0589605   0.0408878    0.526813    0.648192   -0.492982   -0.660855   0.0161268  0.00409083  -0.0236112  -0.0389351   -0.211262    0.304584   0.0307429
(NM) 3060: f = 225366 at 2.04341e-05    0.360587    0.403452     2.24725  -0.0367622  -0.0416745  -0.0248073   -0.075651   -0.060577  -0.0707304  -0.0289655  -0.0183975  -0.0569788  -0.0607259 -0.00434387   -0.058961   0.0408877    0.526812    0.648194   -0.492977   -0.660856   0.0161268  0.00409094  -0.0236103  -0.0389346    -0.21125    0.304585    0.030749
(NM) 3080: f = 225366 at   2.043e-05    0.360586    0.403451     2.24725  -0.0367658  -0.0416703  -0.0248061  -0.0756461   -0.060577  -0.0707293  -0.0289688  -0.0184002  -0.0569834  -0.0607268 -0.00434235  -0.0589611   0.0408877    0.526809    0.648193   -0.492975   -0.660855   0.0161283  0.00409161  -0.0236112  -0.0389398   -0.211235    0.304568   0.0307699
(NM) 3100: f = 225366 at 2.04301e-05    0.360586    0.403451     2.24725  -0.0367655  -0.0416699  -0.0248054  -0.0756459  -0.0605768  -0.0707289  -0.0289695  -0.0184012  -0.0569846  -0.0607258 -0.00434147   -0.058961   0.0408878     0.52681    0.648193   -0.492974   -0.660854   0.0161283  0.00409169  -0.0236117  -0.0389406    -0.21124    0.304562   0.0307642
(NM) 3120: f = 225366 at 2.04335e-05    0.360587    0.403451     2.24724  -0.0367633  -0.0416717  -0.0248038  -0.0756469   -0.060576  -0.0707295  -0.0289675  -0.0184036  -0.0569846  -0.0607224    -0.00434  -0.0589612   0.0408878    0.526811    0.648195   -0.492972   -0.660855   0.0161273  0.00409136  -0.0236114  -0.0389398    -0.21125     0.30456    0.030735
(NM) 3140: f = 225366 at  2.0435e-05    0.360587    0.403452     2.24725  -0.0367664  -0.0416698   -0.024802   -0.075646   -0.060576  -0.0707307  -0.0289677  -0.0183982  -0.0569788  -0.0607236 -0.00433903  -0.0589609   0.0408879    0.526812    0.648194   -0.492976   -0.660855   0.0161266  0.00409053  -0.0236119  -0.0389383   -0.211268    0.304559   0.0307292
(NM) 3160: f = 225366 at 2.04337e-05    0.360587    0.403452     2.24725  -0.0367628  -0.0416731  -0.0248048  -0.0756461  -0.0605773  -0.0707271  -0.0289675  -0.0183997   -0.056981  -0.0607239 -0.00434087  -0.0589607    0.040888    0.526813    0.648192   -0.492974   -0.660853   0.0161274   0.0040911  -0.0236118  -0.0389418   -0.211264    0.304555   0.0307328
(NM) 3180: f = 225366 at 2.04374e-05    0.360587    0.403452     2.24724  -0.0367647   -0.041674  -0.0248051  -0.0756491  -0.0605769  -0.0707291  -0.0289658  -0.0183983   -0.056978  -0.0607234 -0.00434072  -0.0589606    0.040888    0.526813    0.648194   -0.492976   -0.660854   0.0161265  0.00409063  -0.0236125  -0.0389361   -0.211273    0.304567   0.0307327
(NM) 3200: f = 225366 at 2.04359e-05    0.360587    0.403452     2.24724  -0.0367682  -0.0416721  -0.0248033  -0.0756454  -0.0605772  -0.0707278  -0.0289667   -0.018399  -0.0569803  -0.0607238 -0.00433865  -0.0589606   0.0408881    0.526812    0.648192   -0.492974   -0.660852   0.0161276  0.00409096  -0.0236134  -0.0389405   -0.211266    0.304551   0.0307445
(NM) 3220: f = 225366 at 2.04377e-05    0.360587    0.403452     2.24724   -0.036765  -0.0416721   -0.024806  -0.0756466  -0.0605765  -0.0707295  -0.0289666  -0.0184012  -0.0569803  -0.0607226  -0.0043379  -0.0589602   0.0408884    0.526813    0.648193   -0.492973   -0.660853   0.0161267  0.00409119  -0.0236149  -0.0389368   -0.211285    0.304547   0.0307393
(NM) 3240: f = 225366 at 2.04379e-05    0.360587    0.403452     2.24724  -0.0367674  -0.0416745  -0.0248046  -0.0756468  -0.0605768  -0.0707287  -0.0289618  -0.0184004  -0.0569795  -0.0607231 -0.00433678  -0.0589605   0.0408883    0.526814    0.648193   -0.492972   -0.660853   0.0161269  0.00409074  -0.0236144  -0.0389396   -0.211278    0.304546   0.0307373
(NM) 3260: f = 225366 at 2.04364e-05    0.360587    0.403453     2.24724  -0.0367734  -0.0416716  -0.0248073  -0.0756431  -0.0605774  -0.0707286  -0.0289615  -0.0184027  -0.0569762   -0.060725 -0.00433166  -0.0589601   0.0408887    0.526814    0.648193   -0.492969   -0.660851   0.0161271  0.00409192  -0.0236194  -0.0389396    -0.21129     0.30452   0.0307623
(NM) 3280: f = 225366 at 2.04283e-05    0.360587    0.403452     2.24725  -0.0367746  -0.0416732  -0.0248092  -0.0756488  -0.0605775  -0.0707268  -0.0289634  -0.0184048  -0.0569753   -0.060725 -0.00433292  -0.0589606   0.0408881    0.526815    0.648194   -0.492974   -0.660852   0.0161263  0.00409231  -0.0236173  -0.0389342   -0.211271    0.304554     0.03076
(NM) 3300: f = 225366 at 2.04289e-05    0.360586    0.403452     2.24725  -0.0367756  -0.0416727   -0.024812  -0.0756464  -0.0605778  -0.0707275  -0.0289668   -0.018404  -0.0569721  -0.0607251 -0.00433602  -0.0589598   0.0408886    0.526816    0.648193   -0.492976   -0.660853   0.0161262   0.0040923  -0.0236198    -0.03893   -0.211294    0.304556   0.0307612
(NM) 3320: f = 225366 at 2.04232e-05    0.360586    0.403452     2.24725  -0.0367809  -0.0416717  -0.0248086  -0.0756488  -0.0605785  -0.0707269  -0.0289634  -0.0184086  -0.0569759  -0.0607266 -0.00433127   -0.058961   0.0408879    0.526813    0.648195   -0.492973   -0.660853   0.0161263  0.00409365  -0.0236185   -0.038931   -0.211258    0.304552    0.030772
(NM) 3340: f = 225366 at 2.04178e-05    0.360586    0.403452     2.24725  -0.0367788  -0.0416731  -0.0248136  -0.0756485  -0.0605757  -0.0707262  -0.0289637  -0.0184099  -0.0569787  -0.0607274  -0.0043333  -0.0589606   0.0408883    0.526814    0.648191   -0.492974   -0.660851   0.0161271  0.00409371  -0.0236188  -0.0389314   -0.211258    0.304558   0.0307923
(NM) 3360: f = 225366 at 2.04221e-05    0.360586    0.403452     2.24725  -0.0367787  -0.0416725  -0.0248117  -0.0756434   -0.060575  -0.0707253  -0.0289653  -0.0184067  -0.0569756  -0.0607273 -0.00433734   -0.058961    0.040888    0.526813    0.648192   -0.492976   -0.660854   0.0161272  0.00409255  -0.0236156  -0.0389342   -0.211246     0.30457   0.0307667
(NM) 3380: f = 225366 at 2.04222e-05    0.360586    0.403452     2.24725  -0.0367796  -0.0416692  -0.0248099  -0.0756432   -0.060574  -0.0707225  -0.0289686  -0.0184082  -0.0569741  -0.0607255 -0.00433298  -0.0589608   0.0408881    0.526816    0.648193   -0.492975   -0.660851   0.0161263   0.0040929  -0.0236171  -0.0389357   -0.211264    0.304551   0.0307341
(NM) 3400: f = 225366 at 2.04165e-05    0.360585    0.403452     2.24725    -0.03679   -0.041674  -0.0248119  -0.0756416  -0.0605749  -0.0707225  -0.0289622  -0.0184103  -0.0569691  -0.0607281 -0.00433517   -0.058961   0.0408881    0.526815    0.648194   -0.492975   -0.660852   0.0161268  0.00409382  -0.0236199  -0.0389317   -0.211253    0.304559   0.0307631
(NM) 3420: f = 225366 at 2.04306e-05    0.360586    0.403453     2.24725  -0.0367846  -0.0416704  -0.0248061   -0.075639   -0.060571  -0.0707287  -0.0289604  -0.0184061  -0.0569692  -0.0607266 -0.00433741  -0.0589611   0.0408883    0.526812    0.648196   -0.492973   -0.660855   0.0161261  0.00409259  -0.0236183  -0.0389315   -0.211269    0.304544   0.0307362
(NM) 3440: f = 225366 at 2.04188e-05    0.360585    0.403452     2.24725  -0.0367939  -0.0416718  -0.0248075  -0.0756378  -0.0605683  -0.0707238  -0.0289619   -0.018408  -0.0569684  -0.0607283 -0.00434181  -0.0589613   0.0408881    0.526814    0.648197   -0.492977   -0.660855   0.0161264  0.00409314  -0.0236178    -0.03893    -0.21125    0.304563   0.0307291
(NM) 3460: f = 225366 at 2.04327e-05    0.360586    0.403453     2.24724  -0.0367869   -0.041675  -0.0248074  -0.0756349  -0.0605642  -0.0707237  -0.0289558  -0.0184087  -0.0569703   -0.060725 -0.00434317   -0.058961   0.0408885    0.526816    0.648199    -0.49297   -0.660854   0.0161261  0.00409187  -0.0236177  -0.0389349   -0.211272    0.304542   0.0306795
(NM) 3480: f = 225366 at 2.04174e-05    0.360585    0.403452     2.24725  -0.0367945  -0.0416751  -0.0248104   -0.075631  -0.0605593  -0.0707188  -0.0289593  -0.0184112  -0.0569685  -0.0607294 -0.00435267  -0.0589614   0.0408883    0.526815    0.648196   -0.492974   -0.660855   0.0161272  0.00409382  -0.0236164  -0.0389339   -0.211237    0.304562   0.0306871
(NM) 3500: f = 225366 at  2.0435e-05    0.360586    0.403453     2.24724  -0.0367884  -0.0416762  -0.0248089  -0.0756324  -0.0605599  -0.0707217  -0.0289542  -0.0184105  -0.0569716  -0.0607261 -0.00435047  -0.0589604    0.040889    0.526816    0.648199   -0.492965   -0.660853   0.0161269  0.00409298  -0.0236203  -0.0389346   -0.211281    0.304523   0.0306738
(NM) 3520: f = 225366 at 2.04276e-05    0.360585    0.403453     2.24724  -0.0367925  -0.0416792  -0.0248146  -0.0756365   -0.060557  -0.0707182   -0.028953  -0.0184143  -0.0569775  -0.0607294 -0.00435166  -0.0589602   0.0408892    0.526816    0.648192   -0.492966   -0.660848   0.0161282  0.00409518  -0.0236215  -0.0389304   -0.211257    0.304531   0.0307202
(NM) 3540: f = 225366 at 2.04276e-05    0.360585    0.403453     2.24724  -0.0367925  -0.0416792  -0.0248146  -0.0756365   -0.060557  -0.0707182   -0.028953  -0.0184143  -0.0569775  -0.0607294 -0.00435166  -0.0589602   0.0408892    0.526816    0.648192   -0.492966   -0.660848   0.0161282  0.00409518  -0.0236215  -0.0389304   -0.211257    0.304531   0.0307202
(NM) 3560: f = 225366 at 2.04311e-05    0.360586    0.403454     2.24725  -0.0367843  -0.0416784  -0.0248194   -0.075638  -0.0605479  -0.0707195  -0.0289542  -0.0184155  -0.0569762  -0.0607315 -0.00436453  -0.0589602   0.0408895    0.526818    0.648193   -0.492965   -0.660851   0.0161268  0.00409687  -0.0236197  -0.0389216   -0.211259    0.304541   0.0306796
(NM) 3580: f = 225366 at 2.04262e-05    0.360586    0.403453     2.24725  -0.0367844  -0.0416812  -0.0248142  -0.0756407  -0.0605536  -0.0707174   -0.028954  -0.0184117  -0.0569781  -0.0607301  -0.0043602  -0.0589607   0.0408889    0.526816    0.648193   -0.492969   -0.660849   0.0161276  0.00409519  -0.0236163   -0.038929   -0.211241    0.304555   0.0306869
(NM) 3600: f = 225366 at 2.04252e-05    0.360585    0.403454     2.24725  -0.0367902  -0.0416772  -0.0248153  -0.0756372  -0.0605495  -0.0707137  -0.0289556  -0.0184155  -0.0569756  -0.0607342 -0.00436505  -0.0589617   0.0408884    0.526814    0.648194   -0.492967    -0.66085   0.0161279  0.00409758  -0.0236151  -0.0389283   -0.211195    0.304557   0.0306768
(NM) 3620: f = 225366 at 2.04252e-05    0.360585    0.403454     2.24725  -0.0367902  -0.0416772  -0.0248153  -0.0756372  -0.0605495  -0.0707137  -0.0289556  -0.0184155  -0.0569756  -0.0607342 -0.00436505  -0.0589617   0.0408884    0.526814    0.648194   -0.492967    -0.66085   0.0161279  0.00409758  -0.0236151  -0.0389283   -0.211195    0.304557   0.0306768
(NM) 3640: f = 225366 at 2.04228e-05    0.360585    0.403454     2.24725   -0.036791  -0.0416767  -0.0248154  -0.0756457  -0.0605524  -0.0707137  -0.0289581   -0.018415  -0.0569805  -0.0607339 -0.00436055  -0.0589609   0.0408886    0.526814    0.648191   -0.492968   -0.660845   0.0161281  0.00409878  -0.0236183   -0.038925   -0.211205    0.304551   0.0307162
(NM) 3660: f = 225366 at 2.04329e-05    0.360586    0.403455     2.24724  -0.0367907  -0.0416759  -0.0248158  -0.0756413  -0.0605472  -0.0707135  -0.0289549  -0.0184154  -0.0569789   -0.060733 -0.00436193  -0.0589606    0.040889    0.526816    0.648192   -0.492964   -0.660845   0.0161277  0.00409837    -0.02362  -0.0389261   -0.211226    0.304528   0.0306849
(NM) 3680: f = 225366 at 2.04303e-05    0.360586    0.403455     2.24724  -0.0367898  -0.0416725  -0.0248136  -0.0756421  -0.0605486  -0.0707126  -0.0289593  -0.0184135  -0.0569745  -0.0607346 -0.00436233  -0.0589617   0.0408882    0.526814    0.648194   -0.492968   -0.660847    0.016127  0.00409872  -0.0236156  -0.0389262   -0.211195    0.304549   0.0306688
(NM) 3700: f = 225366 at 2.04304e-05    0.360586    0.403455     2.24724  -0.0367898  -0.0416724  -0.0248138  -0.0756431  -0.0605483   -0.070712  -0.0289598  -0.0184138  -0.0569751  -0.0607348 -0.00436262  -0.0589616   0.0408882    0.526814    0.648194   -0.492967   -0.660846    0.016127   0.0040991  -0.0236157  -0.0389258   -0.211192    0.304549   0.0306698
(NM) 3720: f = 225366 at 2.04301e-05    0.360586    0.403454     2.24724  -0.0367919  -0.0416747  -0.0248133  -0.0756414  -0.0605516  -0.0707143  -0.0289566   -0.018415  -0.0569779  -0.0607326 -0.00435719   -0.058961   0.0408887    0.526815    0.648193   -0.492966   -0.660846   0.0161275  0.00409813  -0.0236189  -0.0389271   -0.211219    0.304533   0.0306924
(NM) 3740: f = 225366 at 2.04339e-05    0.360586    0.403455     2.24724  -0.0367884  -0.0416731  -0.0248138  -0.0756458  -0.0605494  -0.0707106  -0.0289603  -0.0184154  -0.0569802  -0.0607331 -0.00435992  -0.0589609   0.0408886    0.526815    0.648191   -0.492964   -0.660842   0.0161275  0.00409977  -0.0236184  -0.0389266   -0.211207    0.304529   0.0306796
(NM) 3760: f = 225366 at 2.04314e-05    0.360586    0.403455     2.24724  -0.0367891  -0.0416722  -0.0248154  -0.0756455   -0.060553  -0.0707148  -0.0289593  -0.0184153  -0.0569784  -0.0607334 -0.00435684  -0.0589609   0.0408886    0.526815    0.648192   -0.492965   -0.660844   0.0161274  0.00409923  -0.0236198  -0.0389247   -0.211212    0.304534   0.0307064
(NM) 3780: f = 225366 at 2.04371e-05    0.360586    0.403455     2.24724  -0.0367896  -0.0416728  -0.0248132  -0.0756438    -0.06055  -0.0707132  -0.0289582  -0.0184131  -0.0569774  -0.0607331 -0.00435912  -0.0589608   0.0408887    0.526815    0.648192   -0.492965   -0.660844   0.0161273  0.00409906  -0.0236191  -0.0389262   -0.211217    0.304527    0.030683
Generalized linear mixed model fit by maximum likelihood (Laplace
  Approximation) [glmerMod]
 Family: poisson  ( log )
Formula: gs ~ year + field + d_div + o_div + game_length + (1 | offense) +  
    (1 | defense) + (1 | game_id)
   Data: g
      AIC       BIC    logLik  deviance  df.resid 
 225421.6  225663.7 -112682.8  225365.6     41926 
Random effects:
 Groups  Name        Std.Dev. 
 game_id (Intercept) 2.043e-05
 defense (Intercept) 3.606e-01
 offense (Intercept) 4.035e-01
Number of obs: 41954, groups:  game_id, 20977; defense, 2911; offense, 2911
Fixed Effects:
      (Intercept)           year2003           year2004           year2005  
         2.247243          -0.036789          -0.041672          -0.024813  
         year2006           year2007           year2008           year2009  
        -0.075642          -0.060550          -0.070714          -0.028959  
         year2010           year2011           year2012           year2013  
        -0.018415          -0.056977          -0.060734          -0.004361  
fielddefense_home  fieldoffense_home             d_div2             d_div3  
        -0.058961           0.040889           0.526814           0.648193  
           o_div2             o_div3    game_length1 OT    game_length2 OT  
        -0.492966          -0.660846           0.016127           0.004099  
  game_length3 OT    game_length4 OT    game_length5 OT    game_length6 OT  
        -0.023618          -0.038926          -0.211205           0.304537  
  game_length7 OT  
         0.030680  
Generalized linear mixed model fit by maximum likelihood (Laplace
  Approximation) [glmerMod]
 Family: poisson  ( log )
Formula: gs ~ year + field + d_div + o_div + game_length + (1 | offense) +  
    (1 | defense) + (1 | game_id)
   Data: g

      AIC       BIC    logLik  deviance  df.resid 
 225421.6  225663.7 -112682.8  225365.6     41926 

Scaled residuals: 
    Min      1Q  Median      3Q     Max 
-4.3470 -0.6478 -0.0537  0.5648  4.3279 

Random effects:
 Groups  Name        Variance  Std.Dev. 
 game_id (Intercept) 4.175e-10 2.043e-05
 defense (Intercept) 1.300e-01 3.606e-01
 offense (Intercept) 1.628e-01 4.035e-01
Number of obs: 41954, groups:  game_id, 20977; defense, 2911; offense, 2911

Fixed effects:
                   Estimate Std. Error z value Pr(>|z|)    
(Intercept)        2.247243   0.042850   52.44  < 2e-16 ***
year2003          -0.036789   0.054269   -0.68   0.4978    
year2004          -0.041672   0.054161   -0.77   0.4416    
year2005          -0.024813   0.053820   -0.46   0.6448    
year2006          -0.075642   0.053556   -1.41   0.1578    
year2007          -0.060550   0.053221   -1.14   0.2552    
year2008          -0.070714   0.052643   -1.34   0.1792    
year2009          -0.028959   0.052143   -0.56   0.5786    
year2010          -0.018415   0.051504   -0.36   0.7207    
year2011          -0.056977   0.050785   -1.12   0.2619    
year2012          -0.060734   0.050194   -1.21   0.2263    
year2013          -0.004361   0.049441   -0.09   0.9297    
fielddefense_home -0.058961   0.006895   -8.55  < 2e-16 ***
fieldoffense_home  0.040889   0.006837    5.98 2.23e-09 ***
d_div2             0.526814   0.048068   10.96  < 2e-16 ***
d_div3             0.648193   0.046249   14.02  < 2e-16 ***
o_div2            -0.492966   0.049364   -9.99  < 2e-16 ***
o_div3            -0.660846   0.046903  -14.09  < 2e-16 ***
game_length1 OT    0.016127   0.008162    1.98   0.0482 *  
game_length2 OT    0.004099   0.013876    0.30   0.7677    
game_length3 OT   -0.023618   0.025930   -0.91   0.3624    
game_length4 OT   -0.038926   0.038716   -1.01   0.3147    
game_length5 OT   -0.211205   0.272151   -0.78   0.4377    
game_length6 OT    0.304537   0.238762    1.28   0.2021    
game_length7 OT    0.030680   0.242950    0.13   0.8995    
---
Signif. codes:  0 *** 0.001 ** 0.01 * 0.05 . 0.1   1
[1] TRUE
