[1] 51194     9
[1] TRUE
[1] 51194     8
start par. =  1 1 1 fn =  327318.9 
At return
eval:  44 fn:      275320.69 par: 2.00000e-07 0.359628 0.401864
(NM) 20: f = 275321 at      2e-07   0.359628   0.401864    2.26395 -0.0363501 -0.0422171 -0.0255025 -0.0765537 -0.0613602 -0.0712762 -0.0302085 -0.0195746 -0.0579086 -0.0618014 -0.0051851 -0.0111528 -0.0120464 -0.0591866  0.0369504   0.526954   0.645429  -0.492174  -0.667996 0.00798589 0.00421371 -0.0151618 -0.0352781  -0.212223   0.306429  0.0322693
(NM) 40: f = 275321 at      2e-07   0.359628   0.401864    2.26395 -0.0363501 -0.0422171 -0.0255025 -0.0765537 -0.0613602 -0.0712762 -0.0302085 -0.0195746 -0.0579086 -0.0618014 -0.0051851 -0.0111528 -0.0120464 -0.0591866  0.0369504   0.526954   0.645429  -0.492174  -0.667996 0.00798589 0.00421371 -0.0151618 -0.0352781  -0.212223   0.306429  0.0322693
(NM) 60: f = 275320 at 2.31616e-05     0.36002    0.402268     2.25562  -0.0355408  -0.0414094  -0.0246999   -0.075755  -0.0605665  -0.0704912  -0.0294309  -0.0188066  -0.0571513   -0.061053 -0.00444833   -0.010425   -0.011322  -0.0590922   0.0370439    0.527663    0.646116    -0.49145   -0.667301  0.00809769  0.00440656  -0.0148061  -0.0347372   -0.208134    0.310013   0.0359157
(NM) 80: f = 275320 at 2.31616e-05     0.36002    0.402268     2.25562  -0.0355408  -0.0414094  -0.0246999   -0.075755  -0.0605665  -0.0704912  -0.0294309  -0.0188066  -0.0571513   -0.061053 -0.00444833   -0.010425   -0.011322  -0.0590922   0.0370439    0.527663    0.646116    -0.49145   -0.667301  0.00809769  0.00440656  -0.0148061  -0.0347372   -0.208134    0.310013   0.0359157
(NM) 100: f = 275320 at 2.31616e-05     0.36002    0.402268     2.25562  -0.0355408  -0.0414094  -0.0246999   -0.075755  -0.0605665  -0.0704912  -0.0294309  -0.0188066  -0.0571513   -0.061053 -0.00444833   -0.010425   -0.011322  -0.0590922   0.0370439    0.527663    0.646116    -0.49145   -0.667301  0.00809769  0.00440656  -0.0148061  -0.0347372   -0.208134    0.310013   0.0359157
(NM) 120: f = 275320 at 2.31616e-05     0.36002    0.402268     2.25562  -0.0355408  -0.0414094  -0.0246999   -0.075755  -0.0605665  -0.0704912  -0.0294309  -0.0188066  -0.0571513   -0.061053 -0.00444833   -0.010425   -0.011322  -0.0590922   0.0370439    0.527663    0.646116    -0.49145   -0.667301  0.00809769  0.00440656  -0.0148061  -0.0347372   -0.208134    0.310013   0.0359157
(NM) 140: f = 275320 at 2.31616e-05     0.36002    0.402268     2.25562  -0.0355408  -0.0414094  -0.0246999   -0.075755  -0.0605665  -0.0704912  -0.0294309  -0.0188066  -0.0571513   -0.061053 -0.00444833   -0.010425   -0.011322  -0.0590922   0.0370439    0.527663    0.646116    -0.49145   -0.667301  0.00809769  0.00440656  -0.0148061  -0.0347372   -0.208134    0.310013   0.0359157
(NM) 160: f = 275320 at 2.31616e-05     0.36002    0.402268     2.25562  -0.0355408  -0.0414094  -0.0246999   -0.075755  -0.0605665  -0.0704912  -0.0294309  -0.0188066  -0.0571513   -0.061053 -0.00444833   -0.010425   -0.011322  -0.0590922   0.0370439    0.527663    0.646116    -0.49145   -0.667301  0.00809769  0.00440656  -0.0148061  -0.0347372   -0.208134    0.310013   0.0359157
(NM) 180: f = 275320 at 2.31616e-05     0.36002    0.402268     2.25562  -0.0355408  -0.0414094  -0.0246999   -0.075755  -0.0605665  -0.0704912  -0.0294309  -0.0188066  -0.0571513   -0.061053 -0.00444833   -0.010425   -0.011322  -0.0590922   0.0370439    0.527663    0.646116    -0.49145   -0.667301  0.00809769  0.00440656  -0.0148061  -0.0347372   -0.208134    0.310013   0.0359157
(NM) 200: f = 275320 at 2.31616e-05     0.36002    0.402268     2.25562  -0.0355408  -0.0414094  -0.0246999   -0.075755  -0.0605665  -0.0704912  -0.0294309  -0.0188066  -0.0571513   -0.061053 -0.00444833   -0.010425   -0.011322  -0.0590922   0.0370439    0.527663    0.646116    -0.49145   -0.667301  0.00809769  0.00440656  -0.0148061  -0.0347372   -0.208134    0.310013   0.0359157
(NM) 220: f = 275320 at 2.31616e-05     0.36002    0.402268     2.25562  -0.0355408  -0.0414094  -0.0246999   -0.075755  -0.0605665  -0.0704912  -0.0294309  -0.0188066  -0.0571513   -0.061053 -0.00444833   -0.010425   -0.011322  -0.0590922   0.0370439    0.527663    0.646116    -0.49145   -0.667301  0.00809769  0.00440656  -0.0148061  -0.0347372   -0.208134    0.310013   0.0359157
(NM) 240: f = 275320 at 1.98002e-05    0.359641    0.401781     2.25621  -0.0370114  -0.0412432  -0.0243048  -0.0751246  -0.0606389  -0.0711049  -0.0296352  -0.0187679  -0.0575219   -0.061314 -0.00471031  -0.0108592  -0.0126407  -0.0592084   0.0369945    0.526111    0.644756   -0.492906   -0.669065  0.00819188  0.00463907  -0.0143203  -0.0341074   -0.200661    0.316074   0.0423718
(NM) 260: f = 275320 at 1.98002e-05    0.359641    0.401781     2.25621  -0.0370114  -0.0412432  -0.0243048  -0.0751246  -0.0606389  -0.0711049  -0.0296352  -0.0187679  -0.0575219   -0.061314 -0.00471031  -0.0108592  -0.0126407  -0.0592084   0.0369945    0.526111    0.644756   -0.492906   -0.669065  0.00819188  0.00463907  -0.0143203  -0.0341074   -0.200661    0.316074   0.0423718
(NM) 280: f = 275320 at 1.38687e-05    0.359354    0.401428       2.258  -0.0377542  -0.0422672   -0.025177  -0.0755069  -0.0613921  -0.0710906  -0.0294512  -0.0186346  -0.0577464   -0.061002 -0.00417608  -0.0108637  -0.0132152  -0.0592029   0.0369695    0.526019    0.644809   -0.493305   -0.668929  0.00822084  0.00443146  -0.0142203  -0.0351474    -0.20498    0.311542   0.0381305
(NM) 300: f = 275320 at 1.38687e-05    0.359354    0.401428       2.258  -0.0377542  -0.0422672   -0.025177  -0.0755069  -0.0613921  -0.0710906  -0.0294512  -0.0186346  -0.0577464   -0.061002 -0.00417608  -0.0108637  -0.0132152  -0.0592029   0.0369695    0.526019    0.644809   -0.493305   -0.668929  0.00822084  0.00443146  -0.0142203  -0.0351474    -0.20498    0.311542   0.0381305
(NM) 320: f = 275320 at 1.42957e-05    0.359367    0.401472     2.25784  -0.0377874  -0.0423049  -0.0252711   -0.075568  -0.0614019  -0.0711442  -0.0293119  -0.0187047  -0.0576417  -0.0608769 -0.00410212  -0.0107775  -0.0132582  -0.0592024   0.0369685    0.526148    0.644788   -0.493209   -0.668896   0.0082383  0.00440655  -0.0142456  -0.0351779   -0.205177    0.311439   0.0379802
(NM) 340: f = 275320 at 1.70139e-05    0.359674    0.401888     2.25719  -0.0376233   -0.042775  -0.0254384  -0.0761749  -0.0592611  -0.0717963  -0.0290297  -0.0180537  -0.0569302  -0.0603365 -0.00396602  -0.0104467  -0.0134803  -0.0592196   0.0369673    0.526287    0.644817   -0.493212   -0.668663  0.00824733  0.00447531  -0.0142812    -0.03496   -0.202713    0.314722   0.0407607
(NM) 360: f = 275320 at 1.65972e-05    0.359578    0.401857     2.25688  -0.0373536  -0.0409779  -0.0256528   -0.076156  -0.0614314  -0.0715412  -0.0291673   -0.018073  -0.0567262   -0.060259 -0.00402212  -0.0103074  -0.0131517  -0.0592228   0.0369486    0.526427    0.644966    -0.49286   -0.668389  0.00821363  0.00446281  -0.0144549  -0.0350841   -0.204323    0.313768    0.039258
(NM) 380: f = 275320 at 1.65972e-05    0.359578    0.401857     2.25688  -0.0373536  -0.0409779  -0.0256528   -0.076156  -0.0614314  -0.0715412  -0.0291673   -0.018073  -0.0567262   -0.060259 -0.00402212  -0.0103074  -0.0131517  -0.0592228   0.0369486    0.526427    0.644966    -0.49286   -0.668389  0.00821363  0.00446281  -0.0144549  -0.0350841   -0.204323    0.313768    0.039258
(NM) 400: f = 275320 at 1.68313e-05    0.359564    0.401918     2.25616  -0.0363922   -0.043133  -0.0253441  -0.0760367  -0.0604988  -0.0708209  -0.0285361  -0.0181217  -0.0583355   -0.059905 -0.00395734 -0.00980665   -0.013066  -0.0592238   0.0369303    0.527016    0.645328   -0.492616   -0.668038  0.00820837  0.00439938  -0.0144798  -0.0353482   -0.206076    0.310804   0.0364246
(NM) 420: f = 275320 at 1.65389e-05    0.359488    0.401807     2.25608   -0.036396  -0.0432745  -0.0261807  -0.0763159  -0.0606139  -0.0710095  -0.0288837     -0.0184  -0.0562311  -0.0601126  -0.0030491 -0.00994595   -0.012753  -0.0592185   0.0369418    0.527097    0.645481   -0.492419   -0.668191  0.00814828  0.00430045  -0.0147368  -0.0355444   -0.207353    0.309947   0.0354062
(NM) 440: f = 275320 at 1.75758e-05    0.359552    0.401859     2.25619  -0.0369554  -0.0426412  -0.0253397  -0.0758355  -0.0604247  -0.0711149  -0.0288524  -0.0183142  -0.0565507  -0.0603424 -0.00388106  -0.0102369   -0.012982  -0.0592261   0.0369568    0.526535    0.645161   -0.492762    -0.66838  0.00821781  0.00414584    -0.01443  -0.0350946   -0.204758    0.311942    0.037877
(NM) 460: f = 275320 at  1.6573e-05    0.359486    0.401885     2.25629   -0.036975  -0.0425026  -0.0257621  -0.0762695  -0.0603346   -0.071181   -0.028699  -0.0180268  -0.0563692  -0.0601031 -0.00395889 -0.00994938  -0.0127472  -0.0592176   0.0369917    0.526782    0.645419   -0.492587   -0.668296  0.00817493     0.00427  -0.0146461  -0.0354855   -0.207385    0.309564   0.0354414
(NM) 480: f = 275320 at 1.66786e-05    0.359531     0.40183     2.25627  -0.0365656  -0.0426571   -0.025876  -0.0762947  -0.0602553  -0.0710625  -0.0285591  -0.0180864  -0.0565876   -0.060387 -0.00390509 -0.00999215  -0.0125798  -0.0592078   0.0369638    0.527007    0.645286   -0.492416   -0.668218  0.00816808  0.00423322  -0.0147117  -0.0355273   -0.208074    0.309292   0.0348841
(NM) 500: f = 275320 at 1.71682e-05    0.359594    0.401865     2.25637  -0.0372366  -0.0424723  -0.0256288  -0.0763734  -0.0607647  -0.0701816  -0.0288466  -0.0178573  -0.0565835    -0.06024 -0.00381405 -0.00996529  -0.0129153  -0.0592093   0.0369768    0.526709    0.645215   -0.492629   -0.668376  0.00818186  0.00427583  -0.0146232  -0.0354006    -0.20654    0.311045   0.0365528
(NM) 520: f = 275320 at 1.70552e-05    0.359585    0.401868     2.25601    -0.03682  -0.0421601   -0.025572  -0.0763229  -0.0604587  -0.0708299  -0.0285059  -0.0179889  -0.0565683  -0.0601259 -0.00366998   -0.009778  -0.0125071  -0.0592175   0.0369861    0.526873    0.645432   -0.492299   -0.668169  0.00812227   0.0041194  -0.0148354  -0.0355997    -0.20851     0.30869    0.035508
(NM) 540: f = 275320 at  1.7531e-05     0.35963    0.401858     2.25645   -0.036988  -0.0420192  -0.0252699  -0.0759806  -0.0607314  -0.0710145  -0.0287694  -0.0180475  -0.0566755   -0.060481 -0.00364732 -0.00990361  -0.0126682  -0.0592092   0.0369957    0.526542    0.645342   -0.492596   -0.668757   0.0081531  0.00425889  -0.0147056  -0.0352999   -0.206459    0.310357   0.0362691
(NM) 560: f = 275320 at 1.75623e-05    0.359631    0.401857     2.25643  -0.0369944  -0.0420086   -0.025245  -0.0759715  -0.0607375  -0.0710096  -0.0287689  -0.0180391  -0.0567102  -0.0604827 -0.00364198 -0.00989098  -0.0126718  -0.0592096   0.0369966    0.526532    0.645344   -0.492582   -0.668754  0.00815229   0.0042585   -0.014709  -0.0352998   -0.206457    0.310335   0.0362552
(NM) 580: f = 275320 at 1.75672e-05    0.359583    0.401814     2.25611  -0.0370621  -0.0420706  -0.0254652  -0.0762736  -0.0606465  -0.0709814  -0.0286795  -0.0181563  -0.0568164  -0.0604982 -0.00375129  -0.0096395  -0.0126221  -0.0592112   0.0369846    0.526809    0.645226   -0.492508   -0.668419  0.00816602   0.0042128  -0.0146858  -0.0353988   -0.207186    0.309879   0.0355923
(NM) 600: f = 275320 at 1.75102e-05    0.359616    0.401806     2.25606  -0.0371877  -0.0419391  -0.0250966  -0.0761564  -0.0608467  -0.0707999  -0.0286293   -0.018122  -0.0569577  -0.0605676 -0.00361098 -0.00968252  -0.0124373  -0.0592231   0.0369988    0.526696     0.64533   -0.492588   -0.668384  0.00814226   0.0042367  -0.0147501  -0.0353485   -0.207082    0.309792   0.0356573
(NM) 620: f = 275320 at 1.75214e-05    0.359624    0.401807     2.25608  -0.0371765   -0.041919  -0.0250555  -0.0761074  -0.0609236  -0.0707559  -0.0286562  -0.0181103  -0.0569839  -0.0605975 -0.00360111 -0.00966671  -0.0124442  -0.0592221   0.0369997    0.526689    0.645319   -0.492591   -0.668388  0.00814105  0.00424108  -0.0147494  -0.0353328   -0.207054    0.309834   0.0357109
(NM) 640: f = 275320 at 1.77936e-05    0.359582    0.401821     2.25595  -0.0370391  -0.0417273  -0.0251927  -0.0761002  -0.0608076  -0.0706234  -0.0285562  -0.0178757  -0.0568217  -0.0606305 -0.00352347 -0.00957336  -0.0124689  -0.0592102   0.0370009    0.526791    0.645313   -0.492433   -0.668432  0.00811202  0.00416405  -0.0149378  -0.0354474   -0.207974    0.309138   0.0348702
(NM) 660: f = 275320 at 1.75471e-05    0.359634    0.401813     2.25586  -0.0369929  -0.0417819  -0.0251103  -0.0760286  -0.0608491  -0.0703991  -0.0285379  -0.0177996  -0.0567273  -0.0605291   -0.003377 -0.00961402  -0.0124727  -0.0592106   0.0370213    0.526779    0.645503   -0.492329   -0.668312  0.00808829  0.00415925  -0.0149938  -0.0355474   -0.208606    0.308232   0.0342397
(NM) 680: f = 275320 at 1.75164e-05    0.359618    0.401776     2.25591  -0.0369657  -0.0417151  -0.0250203  -0.0760831  -0.0606776   -0.070949  -0.0284925  -0.0180484  -0.0567916  -0.0606371 -0.00345401 -0.00947304  -0.0124116  -0.0592103   0.0370103    0.526697    0.645442   -0.492344   -0.668369   0.0080991  0.00416778  -0.0149595  -0.0354734   -0.208417    0.308241   0.0342014
(NM) 700: f = 275320 at 1.75922e-05    0.359614    0.401793     2.25588  -0.0369148  -0.0417767   -0.025243  -0.0760152  -0.0605812  -0.0705114  -0.0286063  -0.0177962  -0.0566373  -0.0604792  -0.0034034 -0.00938473   -0.012618  -0.0591985   0.0370097    0.526811    0.645472   -0.492275   -0.668403  0.00807635   0.0041301  -0.0150527  -0.0355993   -0.209164    0.307937   0.0339897
(NM) 720: f = 275320 at 1.77054e-05    0.359639    0.401804     2.25607  -0.0369839  -0.0417594   -0.025006  -0.0758247  -0.0607728  -0.0705818  -0.0286716  -0.0179502  -0.0568027  -0.0605558  -0.0034268 -0.00941506  -0.0124747  -0.0592045   0.0370122    0.526616    0.645477   -0.492459   -0.668617  0.00808479  0.00420197  -0.0150091   -0.035432   -0.208313     0.30857   0.0347822
(NM) 740: f = 275320 at  1.7536e-05    0.359633    0.401805     2.25595  -0.0369927   -0.041819  -0.0249434  -0.0758931  -0.0606535  -0.0704481  -0.0285837  -0.0179099  -0.0568135  -0.0604236 -0.00340176 -0.00933247  -0.0124494  -0.0592062   0.0370193     0.52674    0.645461   -0.492411   -0.668394    0.008062   0.0041638  -0.0150911  -0.0355302   -0.209142    0.308043   0.0340044
(NM) 760: f = 275320 at 1.77974e-05    0.359625    0.401794     2.25582  -0.0369782  -0.0416944  -0.0249737  -0.0762422  -0.0604243   -0.070379  -0.0285795  -0.0179227  -0.0566534  -0.0602897 -0.00337537 -0.00924055   -0.012468  -0.0592097   0.0370149    0.526681    0.645491   -0.492464    -0.66844   0.0080614  0.00413309  -0.0151411  -0.0355149   -0.209262    0.307604   0.0338691
(NM) 780: f = 275320 at 1.79502e-05    0.359618    0.401808     2.25578  -0.0370325  -0.0417299  -0.0250153  -0.0759188  -0.0604662   -0.070527   -0.028636  -0.0179941  -0.0567569  -0.0603098 -0.00342029 -0.00936345   -0.012456  -0.0591964   0.0370158    0.526841    0.645509   -0.492392   -0.668484  0.00806541  0.00416774  -0.0150961  -0.0354771    -0.20919    0.307841   0.0340989
(NM) 800: f = 275320 at 1.79049e-05    0.359636    0.401793     2.25591  -0.0370904  -0.0418036  -0.0248107  -0.0757483   -0.060443  -0.0704828  -0.0285045  -0.0178897  -0.0567647  -0.0602289 -0.00329508 -0.00915453  -0.0124799  -0.0592006    0.037026    0.526772    0.645493   -0.492518   -0.668589   0.0080231  0.00414051  -0.0152061   -0.035549   -0.209513    0.307491   0.0340285
(NM) 820: f = 275320 at 1.78962e-05    0.359629    0.401817     2.25586  -0.0369126  -0.0419043  -0.0249432  -0.0757869  -0.0603682  -0.0704252  -0.0286834  -0.0179661  -0.0565799  -0.0602091 -0.00328956  -0.0091184  -0.0124905  -0.0591895   0.0370177    0.526827    0.645497   -0.492502    -0.66851   0.0080263  0.00415714   -0.015209  -0.0355467   -0.209978    0.307367   0.0336589
(NM) 840: f = 275320 at 1.82303e-05    0.359625    0.401818     2.25575  -0.0369023  -0.0417343  -0.0249314  -0.0757919  -0.0602883  -0.0704479  -0.0286873  -0.0179829  -0.0565964  -0.0601998 -0.00330829 -0.00912027  -0.0124453  -0.0591872    0.037016    0.526812    0.645517   -0.492548   -0.668596   0.0080178   0.0041696  -0.0152323  -0.0356045   -0.209913    0.307428   0.0337042
(NM) 860: f = 275320 at 1.82974e-05    0.359625    0.401825     2.25573   -0.036877  -0.0417286   -0.024919  -0.0757472   -0.060242  -0.0704437  -0.0287042  -0.0179837  -0.0565721   -0.060143 -0.00329871 -0.00908846  -0.0124459  -0.0591836   0.0370161    0.526828    0.645521   -0.492563   -0.668609  0.00800682  0.00417113  -0.0152596  -0.0356076   -0.210087    0.307295    0.033612
(NM) 880: f = 275320 at 1.80021e-05    0.359635    0.401836     2.25593  -0.0369509  -0.0418069  -0.0249549  -0.0757185  -0.0604746  -0.0704798  -0.0287151  -0.0179582  -0.0566865  -0.0601968 -0.00334723 -0.00923142  -0.0124797  -0.0591911   0.0370161    0.526799    0.645389   -0.492561   -0.668509  0.00803443  0.00418676  -0.0151427  -0.0355003   -0.209304    0.307827   0.0341768
(NM) 900: f = 275320 at 1.81749e-05    0.359607    0.401836     2.25588  -0.0368216  -0.0417806  -0.0248541  -0.0755271  -0.0602647  -0.0703582  -0.0287794  -0.0180199  -0.0565439  -0.0600247 -0.00332688 -0.00906676  -0.0124291  -0.0591787   0.0370195    0.526779     0.64546   -0.492626   -0.668642  0.00800604   0.0041876   -0.015341  -0.0354802   -0.210352    0.307064   0.0335389
(NM) 920: f = 275320 at 1.81749e-05    0.359607    0.401836     2.25588  -0.0368216  -0.0417806  -0.0248541  -0.0755271  -0.0602647  -0.0703582  -0.0287794  -0.0180199  -0.0565439  -0.0600247 -0.00332688 -0.00906676  -0.0124291  -0.0591787   0.0370195    0.526779     0.64546   -0.492626   -0.668642  0.00800604   0.0041876   -0.015341  -0.0354802   -0.210352    0.307064   0.0335389
(NM) 940: f = 275320 at 1.82421e-05    0.359621    0.401832     2.25583  -0.0369037  -0.0417505  -0.0247679  -0.0755768  -0.0604066  -0.0704012  -0.0287795  -0.0180381  -0.0566143   -0.060221 -0.00328361 -0.00911501  -0.0123913  -0.0591849   0.0370215    0.526744     0.64547   -0.492641    -0.66862  0.00800028  0.00420029  -0.0152469  -0.0354404   -0.209763     0.30758   0.0339526
(NM) 960: f = 275320 at 1.82344e-05    0.359622    0.401831     2.25584  -0.0369041  -0.0417544  -0.0247577  -0.0755787   -0.060412  -0.0703995   -0.028775  -0.0180357  -0.0566175  -0.0602239 -0.00328339 -0.00911592  -0.0123902  -0.0591851   0.0370217    0.526745    0.645469    -0.49264   -0.668621  0.00800042  0.00419986  -0.0152474  -0.0354419   -0.209764    0.307575   0.0339525
(NM) 980: f = 275320 at 1.81457e-05    0.359623    0.401839     2.25585  -0.0368441  -0.0417191  -0.0248159   -0.075656  -0.0603075  -0.0705459  -0.0286943  -0.0180431  -0.0565355  -0.0601588 -0.00330688 -0.00915815  -0.0124248  -0.0591806   0.0370212    0.526773    0.645491   -0.492625   -0.668601  0.00800213  0.00420456  -0.0152603  -0.0354463   -0.209936    0.307328   0.0336391
(NM) 1000: f = 275320 at 1.81457e-05    0.359623    0.401839     2.25585  -0.0368441  -0.0417191  -0.0248159   -0.075656  -0.0603075  -0.0705459  -0.0286943  -0.0180431  -0.0565355  -0.0601588 -0.00330688 -0.00915815  -0.0124248  -0.0591806   0.0370212    0.526773    0.645491   -0.492625   -0.668601  0.00800213  0.00420456  -0.0152603  -0.0354463   -0.209936    0.307328   0.0336391
(NM) 1020: f = 275320 at 1.82157e-05    0.359608    0.401842     2.25584  -0.0368049  -0.0417345  -0.0248229  -0.0755985  -0.0603623  -0.0703923    -0.02875  -0.0180221  -0.0565557  -0.0601988 -0.00331949 -0.00916642  -0.0124048  -0.0591782   0.0370229    0.526804    0.645479   -0.492659    -0.66863  0.00800098  0.00422553  -0.0152706  -0.0354278    -0.20999    0.307292   0.0335964
(NM) 1040: f = 275320 at 1.82032e-05    0.359602    0.401849     2.25585  -0.0368089  -0.0416784  -0.0247977  -0.0755786  -0.0603735  -0.0704065  -0.0286986  -0.0180332  -0.0566232  -0.0602498 -0.00333202 -0.00920531  -0.0123911    -0.05918   0.0370236    0.526796    0.645449   -0.492678     -0.6686  0.00800295  0.00422993   -0.015265  -0.0353952   -0.209856    0.307427   0.0336283
(NM) 1060: f = 275320 at 1.81444e-05    0.359612    0.401852     2.25589  -0.0367969   -0.041678  -0.0248512  -0.0756895  -0.0603054  -0.0704862  -0.0287208  -0.0180269  -0.0565689  -0.0602358 -0.00334608  -0.0092272  -0.0123628  -0.0591764   0.0370248    0.526812    0.645456   -0.492667    -0.66861  0.00800407  0.00426952  -0.0152734  -0.0354118   -0.210006    0.307344     0.03342
(NM) 1080: f = 275320 at 1.81406e-05    0.359603    0.401862     2.25586  -0.0367185  -0.0417111  -0.0247877  -0.0756095  -0.0602939  -0.0704016  -0.0287037  -0.0180688  -0.0565453  -0.0601934 -0.00334394 -0.00919279  -0.0123519   -0.059176   0.0370251    0.526849     0.64548     -0.4927   -0.668596  0.00799719  0.00424969  -0.0152989  -0.0353979   -0.210306    0.306999    0.033158
(NM) 1100: f = 275320 at 1.81269e-05    0.359599    0.401851     2.25588  -0.0367798  -0.0416711  -0.0247594  -0.0756286  -0.0603341  -0.0704189  -0.0286383   -0.018012  -0.0565254  -0.0602332 -0.00332273  -0.0092286  -0.0123291  -0.0591783   0.0370308    0.526819    0.645472   -0.492717   -0.668623  0.00799383  0.00424614  -0.0153117  -0.0353908    -0.21024    0.307003   0.0331371
(NM) 1120: f = 275320 at 1.81269e-05    0.359599    0.401851     2.25588  -0.0367798  -0.0416711  -0.0247594  -0.0756286  -0.0603341  -0.0704189  -0.0286383   -0.018012  -0.0565254  -0.0602332 -0.00332273  -0.0092286  -0.0123291  -0.0591783   0.0370308    0.526819    0.645472   -0.492717   -0.668623  0.00799383  0.00424614  -0.0153117  -0.0353908    -0.21024    0.307003   0.0331371
(NM) 1140: f = 275320 at 1.81269e-05    0.359599    0.401851     2.25588  -0.0367798  -0.0416711  -0.0247594  -0.0756286  -0.0603341  -0.0704189  -0.0286383   -0.018012  -0.0565254  -0.0602332 -0.00332273  -0.0092286  -0.0123291  -0.0591783   0.0370308    0.526819    0.645472   -0.492717   -0.668623  0.00799383  0.00424614  -0.0153117  -0.0353908    -0.21024    0.307003   0.0331371
(NM) 1160: f = 275320 at 1.81808e-05    0.359605    0.401842     2.25583  -0.0368041  -0.0416076  -0.0248239  -0.0757035  -0.0603025   -0.070383  -0.0286584  -0.0179785  -0.0565609  -0.0602392 -0.00331042 -0.00922257   -0.012324  -0.0591799   0.0370319     0.52684    0.645491     -0.4927   -0.668612  0.00799623  0.00424429  -0.0153088  -0.0354349   -0.210273    0.307002   0.0330641
(NM) 1180: f = 275320 at 1.82506e-05    0.359601    0.401855      2.2558   -0.036772  -0.0416132   -0.024802  -0.0756437  -0.0602761  -0.0703765  -0.0286585  -0.0179796  -0.0565302  -0.0602144 -0.00330171 -0.00920599  -0.0123159  -0.0591756   0.0370349    0.526838    0.645492   -0.492718   -0.668603  0.00798622  0.00425206  -0.0153321  -0.0353829   -0.210431    0.306875   0.0329335
(NM) 1200: f = 275320 at  1.8134e-05    0.359597    0.401845     2.25588  -0.0368367  -0.0416089  -0.0248395  -0.0756412  -0.0603577  -0.0703728  -0.0286755   -0.017971  -0.0565597  -0.0602467 -0.00330607 -0.00925489  -0.0123233  -0.0591757   0.0370332    0.526851    0.645476   -0.492719   -0.668629  0.00799592  0.00425966     -0.0153  -0.0353831   -0.210249     0.30704   0.0330315
(NM) 1220: f = 275320 at 1.82209e-05    0.359602    0.401847     2.25584  -0.0368024  -0.0416366  -0.0248029  -0.0756404   -0.060281  -0.0703684  -0.0286759  -0.0179863  -0.0565601  -0.0602154  -0.0033058 -0.00921187  -0.0123447  -0.0591771   0.0370316    0.526824    0.645481   -0.492709   -0.668628  0.00799128  0.00424513  -0.0153138  -0.0353922   -0.210262    0.307007   0.0331016
(NM) 1240: f = 275320 at 1.81906e-05    0.359597    0.401849     2.25584   -0.036772  -0.0416252  -0.0247858  -0.0756493  -0.0603011   -0.070329  -0.0286368  -0.0179714  -0.0565454  -0.0602411 -0.00329515 -0.00921755  -0.0123086  -0.0591764   0.0370359    0.526861     0.64549   -0.492732   -0.668625  0.00799007   0.0042538  -0.0153384  -0.0353874   -0.210504    0.306754   0.0327528
(NM) 1260: f = 275320 at 1.81906e-05    0.359597    0.401849     2.25584   -0.036772  -0.0416252  -0.0247858  -0.0756493  -0.0603011   -0.070329  -0.0286368  -0.0179714  -0.0565454  -0.0602411 -0.00329515 -0.00921755  -0.0123086  -0.0591764   0.0370359    0.526861     0.64549   -0.492732   -0.668625  0.00799007   0.0042538  -0.0153384  -0.0353874   -0.210504    0.306754   0.0327528
(NM) 1280: f = 275320 at 1.81961e-05    0.359597    0.401849     2.25584  -0.0367728  -0.0416274  -0.0247826  -0.0756468  -0.0603013  -0.0703265  -0.0286353  -0.0179728  -0.0565433   -0.060238 -0.00329501 -0.00921968  -0.0123082  -0.0591763   0.0370361    0.526862     0.64549   -0.492734   -0.668626  0.00798989  0.00425384  -0.0153391  -0.0353856   -0.210507    0.306753   0.0327514
(NM) 1300: f = 275320 at 1.81879e-05    0.359596    0.401844     2.25585  -0.0367637  -0.0416077  -0.0247755  -0.0756613  -0.0603388  -0.0703498    -0.02866  -0.0179661  -0.0565598  -0.0602378 -0.00330097  -0.0092432  -0.0123064  -0.0591768   0.0370357    0.526845     0.64549    -0.49274   -0.668637   0.0079918  0.00425163  -0.0153204  -0.0353828   -0.210372     0.30689    0.032889
(NM) 1320: f = 275320 at  1.8205e-05    0.359601    0.401845     2.25584  -0.0368246  -0.0416306   -0.024788    -0.07566  -0.0603015  -0.0703451  -0.0286433  -0.0179629  -0.0565414  -0.0602281 -0.00328518 -0.00921313  -0.0123318  -0.0591768   0.0370358    0.526845    0.645488   -0.492716   -0.668637  0.00799001  0.00424285  -0.0153209  -0.0354051   -0.210406    0.306903   0.0329295
(NM) 1340: f = 275320 at 1.81576e-05      0.3596    0.401844     2.25587  -0.0368149  -0.0416436  -0.0247872  -0.0757082  -0.0603371  -0.0703465  -0.0286354  -0.0179799  -0.0566077  -0.0602218 -0.00331045 -0.00924984  -0.0123381   -0.059176   0.0370337    0.526847    0.645484   -0.492728   -0.668633   0.0079966  0.00425928  -0.0152888  -0.0353774   -0.210278    0.307007    0.032909
(NM) 1360: f = 275320 at 1.82288e-05      0.3596     0.40184     2.25585    -0.03683  -0.0416597  -0.0247881  -0.0756439  -0.0602989  -0.0703581  -0.0286238  -0.0179488  -0.0565714  -0.0602272 -0.00327708 -0.00925321  -0.0123452  -0.0591746   0.0370367    0.526869    0.645478    -0.49274   -0.668648  0.00799216  0.00424983  -0.0153033  -0.0353757   -0.210378    0.306914   0.0328054
(NM) 1380: f = 275320 at 1.82019e-05    0.359602    0.401842     2.25586  -0.0368066  -0.0416509  -0.0248233  -0.0756748  -0.0603051  -0.0702983  -0.0286035  -0.0179529  -0.0565299  -0.0602256 -0.00326323 -0.00922387   -0.012332  -0.0591717   0.0370389    0.526854    0.645492   -0.492751   -0.668655  0.00798894  0.00424874  -0.0153096  -0.0353793   -0.210542    0.306822     0.03268
(NM) 1400: f = 275320 at 1.82068e-05      0.3596    0.401839     2.25585  -0.0368368  -0.0416827  -0.0247968   -0.075657    -0.06033  -0.0703219  -0.0286046  -0.0179395   -0.056581  -0.0602276 -0.00326453 -0.00924873  -0.0123508  -0.0591742   0.0370384    0.526871    0.645487   -0.492743   -0.668645  0.00799389  0.00424759  -0.0152914  -0.0353756   -0.210434    0.306883   0.0327168
(NM) 1420: f = 275320 at 1.82288e-05    0.359602    0.401839     2.25584  -0.0368342  -0.0416962  -0.0247729  -0.0756879  -0.0602924  -0.0703159   -0.028531  -0.0179512  -0.0566026  -0.0602492 -0.00323636 -0.00926467    -0.01234  -0.0591681   0.0370402    0.526901    0.645518   -0.492761   -0.668672   0.0079918  0.00425318   -0.015281  -0.0353624   -0.210566    0.306756   0.0324796
(NM) 1440: f = 275320 at 1.82735e-05      0.3596    0.401838     2.25584  -0.0368152  -0.0417042  -0.0247921  -0.0756126  -0.0603067  -0.0702844  -0.0285637  -0.0179401  -0.0565374  -0.0602099 -0.00321937  -0.0092624  -0.0123417  -0.0591673   0.0370433    0.526905    0.645496    -0.49279   -0.668679   0.0079876  0.00424545  -0.0152948  -0.0353479   -0.210712    0.306689   0.0323847
(NM) 1460: f = 275320 at 1.82401e-05    0.359601    0.401841     2.25584  -0.0368066  -0.0417167   -0.024813  -0.0756851  -0.0602874  -0.0703101  -0.0285607  -0.0179849   -0.056579  -0.0601899 -0.00325533 -0.00928842  -0.0123586  -0.0591664   0.0370404    0.526903     0.64551   -0.492779   -0.668662  0.00799633  0.00425073  -0.0152548  -0.0353319   -0.210568    0.306841   0.0324827
(NM) 1480: f = 275320 at  1.8252e-05    0.359602    0.401833     2.25584   -0.036796  -0.0417222  -0.0248051  -0.0756975  -0.0602825  -0.0702958  -0.0285322  -0.0179683  -0.0565926  -0.0601959 -0.00322392 -0.00928667  -0.0123551  -0.0591651   0.0370428    0.526905    0.645516    -0.49281   -0.668685  0.00799255  0.00425069  -0.0152446  -0.0353406   -0.210644    0.306803   0.0323425
(NM) 1500: f = 275320 at  1.8252e-05    0.359602    0.401833     2.25584   -0.036796  -0.0417222  -0.0248051  -0.0756975  -0.0602825  -0.0702958  -0.0285322  -0.0179683  -0.0565926  -0.0601959 -0.00322392 -0.00928667  -0.0123551  -0.0591651   0.0370428    0.526905    0.645516    -0.49281   -0.668685  0.00799255  0.00425069  -0.0152446  -0.0353406   -0.210644    0.306803   0.0323425
(NM) 1520: f = 275320 at 1.82379e-05    0.359599    0.401831     2.25584    -0.03679  -0.0417114  -0.0247947  -0.0756933  -0.0602941  -0.0702969  -0.0285215  -0.0179793  -0.0565955   -0.060206 -0.00322603 -0.00928228  -0.0123399   -0.059164   0.0370439    0.526898    0.645526   -0.492801   -0.668692  0.00799172  0.00424445  -0.0152406  -0.0353139   -0.210707    0.306721   0.0322711
(NM) 1540: f = 275320 at 1.82499e-05    0.359605    0.401838     2.25584  -0.0367735  -0.0417224  -0.0247896    -0.07567   -0.060304  -0.0703026  -0.0285644  -0.0179957  -0.0565785  -0.0601855 -0.00323355 -0.00927247  -0.0123663   -0.059164   0.0370405    0.526884     0.64552     -0.4928    -0.66868  0.00799331   0.0042355  -0.0152265  -0.0353307   -0.210573     0.30685   0.0325174
(NM) 1560: f = 275320 at 1.83033e-05    0.359601    0.401838     2.25581  -0.0367579  -0.0416927  -0.0247886  -0.0756419  -0.0602613   -0.070296  -0.0285512  -0.0179831  -0.0565472  -0.0601804 -0.00321667 -0.00925116  -0.0123366  -0.0591627   0.0370437    0.526906    0.645541   -0.492805   -0.668693  0.00798445  0.00423617  -0.0152642  -0.0353337   -0.210814    0.306649    0.032292
(NM) 1580: f = 275320 at 1.82626e-05    0.359606    0.401832     2.25582  -0.0367719  -0.0416815  -0.0247787  -0.0756682  -0.0602738  -0.0702808  -0.0285468    -0.01798    -0.05656  -0.0601925 -0.00321148  -0.0092547  -0.0123421  -0.0591615   0.0370451    0.526889    0.645559   -0.492787   -0.668699  0.00798799  0.00422391  -0.0152456  -0.0353312   -0.210802    0.306644   0.0322944
(NM) 1600: f = 275320 at 1.82948e-05    0.359603    0.401836      2.2558  -0.0367441  -0.0416303  -0.0247643  -0.0756794  -0.0602727  -0.0702957  -0.0285504  -0.0179862   -0.056546  -0.0602009 -0.00321889 -0.00928358  -0.0123156  -0.0591605   0.0370468    0.526893    0.645567   -0.492796   -0.668705  0.00798745  0.00422657  -0.0152428  -0.0353121   -0.210842    0.306582    0.032204
(NM) 1620: f = 275320 at 1.83057e-05    0.359605    0.401836      2.2558   -0.036736  -0.0416235  -0.0247526  -0.0756652  -0.0602826   -0.070307  -0.0285736   -0.018001  -0.0565248  -0.0602043  -0.0032145 -0.00926481  -0.0122981  -0.0591585   0.0370464    0.526896    0.645568   -0.492802   -0.668711  0.00798637  0.00422053  -0.0152444  -0.0353134   -0.210864    0.306562   0.0322328
(NM) 1640: f = 275320 at 1.83146e-05    0.359604    0.401835     2.25583  -0.0367372   -0.041635  -0.0247546  -0.0756206  -0.0602982  -0.0703033  -0.0285951  -0.0179961  -0.0565236  -0.0601726 -0.00321693 -0.00926621  -0.0123196  -0.0591577    0.037047    0.526896    0.645553   -0.492806   -0.668728  0.00798441  0.00422225  -0.0152408  -0.0353053   -0.210865    0.306593   0.0322403
(NM) 1660: f = 275320 at 1.83164e-05    0.359604    0.401834     2.25583  -0.0367368  -0.0416343   -0.024752   -0.075621  -0.0602994  -0.0703041  -0.0285964   -0.017997  -0.0565238  -0.0601711 -0.00321647 -0.00926736  -0.0123191  -0.0591574   0.0370471    0.526897    0.645553   -0.492807    -0.66873  0.00798453  0.00422152  -0.0152379  -0.0353043   -0.210868    0.306594   0.0322372
(NM) 1680: f = 275320 at 1.83076e-05    0.359605    0.401837     2.25582  -0.0367607  -0.0416216  -0.0247475  -0.0756659  -0.0602968  -0.0703378  -0.0285851   -0.017998  -0.0565334  -0.0602047  -0.0032319 -0.00930303   -0.012309   -0.059158   0.0370472    0.526913    0.645555   -0.492793   -0.668717   0.0079921  0.00422594  -0.0152248  -0.0353015   -0.210774    0.306642   0.0322713
(NM) 1700: f = 275320 at 1.83142e-05    0.359605    0.401839     2.25582  -0.0367251  -0.0416306  -0.0247265  -0.0756393  -0.0603003  -0.0703005  -0.0285918   -0.017998  -0.0565115  -0.0601921 -0.00321715 -0.00927551  -0.0123065   -0.059157   0.0370472    0.526907    0.645565   -0.492795    -0.66872  0.00798646  0.00421296  -0.0152336  -0.0353032   -0.210903    0.306547   0.0322279
(NM) 1720: f = 275320 at 1.83382e-05    0.359608    0.401834     2.25582  -0.0367516  -0.0416457  -0.0247185  -0.0756298  -0.0602999  -0.0702932  -0.0285731   -0.017982  -0.0565426  -0.0601876  -0.0031916 -0.00927169  -0.0123131  -0.0591563   0.0370491     0.52691    0.645561   -0.492815   -0.668731  0.00798383  0.00421633  -0.0152285  -0.0353109   -0.210908    0.306568   0.0321759
(NM) 1740: f = 275320 at 1.83307e-05    0.359608    0.401835     2.25581   -0.036724  -0.0416336  -0.0247396  -0.0756672  -0.0602796  -0.0703172  -0.0285666  -0.0179909  -0.0565243  -0.0601897 -0.00320478 -0.00928554  -0.0123087  -0.0591557    0.037049    0.526916     0.64557   -0.492804   -0.668726  0.00798816  0.00421116  -0.0152167  -0.0353056   -0.210933    0.306527   0.0321234
(NM) 1760: f = 275320 at 1.83047e-05    0.359606    0.401836     2.25582  -0.0367261  -0.0416385  -0.0247393  -0.0756448  -0.0603156     -0.0703  -0.0285834  -0.0179826  -0.0565311   -0.060204 -0.00321565 -0.00928419  -0.0123071  -0.0591574   0.0370475    0.526913    0.645557   -0.492809   -0.668723  0.00798877  0.00421919  -0.0152271  -0.0353094   -0.210868    0.306562   0.0321766
(NM) 1780: f = 275320 at 1.83296e-05    0.359608    0.401838     2.25582  -0.0367495  -0.0416672  -0.0247395  -0.0756377  -0.0602916  -0.0703003  -0.0285684  -0.0179799  -0.0565284  -0.0601987 -0.00320474 -0.00927558  -0.0123207   -0.059158   0.0370479    0.526919    0.645546   -0.492809   -0.668718  0.00798801  0.00422021  -0.0152344  -0.0353177   -0.210871    0.306585   0.0321986
(NM) 1800: f = 275320 at 1.83399e-05    0.359609    0.401835     2.25581  -0.0367329  -0.0416465  -0.0247305  -0.0756375  -0.0602921  -0.0703089  -0.0285741  -0.0179868  -0.0565247  -0.0601995 -0.00319747 -0.00927243  -0.0123149  -0.0591555   0.0370494    0.526917    0.645569   -0.492809   -0.668733  0.00798742  0.00420953  -0.0152165  -0.0353087    -0.21092    0.306538   0.0321516
(NM) 1820: f = 275320 at 1.83361e-05     0.35961    0.401836     2.25582  -0.0367455  -0.0416618  -0.0247407  -0.0756477  -0.0602958  -0.0703082  -0.0285726   -0.017983  -0.0565258  -0.0601981 -0.00320192 -0.00928412  -0.0123183  -0.0591563   0.0370488    0.526922    0.645555   -0.492815   -0.668727   0.0079893  0.00421425  -0.0152133  -0.0353121   -0.210874    0.306608   0.0321869
(NM) 1840: f = 275320 at 1.83436e-05    0.359609    0.401836     2.25581  -0.0367349  -0.0416741    -0.02474  -0.0756402  -0.0602881  -0.0702845  -0.0285534  -0.0179715  -0.0565351  -0.0601951 -0.00319328 -0.00926977  -0.0123171  -0.0591555   0.0370499    0.526937    0.645563   -0.492821    -0.66873  0.00798714  0.00421291  -0.0152206  -0.0353174   -0.210982    0.306497   0.0320624
(NM) 1860: f = 275320 at 1.83574e-05    0.359611     0.40184     2.25582  -0.0367227  -0.0416604  -0.0247178  -0.0756257  -0.0602968  -0.0703083  -0.0285884  -0.0179903   -0.056526  -0.0602041 -0.00320491 -0.00926865  -0.0123105  -0.0591556    0.037049    0.526921    0.645553   -0.492819   -0.668725  0.00798838  0.00421525  -0.0152171  -0.0353083   -0.210909    0.306556   0.0321574
(NM) 1880: f = 275320 at 1.83756e-05    0.359612     0.40184     2.25581  -0.0367204  -0.0416469  -0.0247213  -0.0756191  -0.0602905  -0.0703133  -0.0285847  -0.0179774  -0.0565018  -0.0602083 -0.00319716 -0.00927053  -0.0122969  -0.0591549   0.0370511    0.526939     0.64556   -0.492825   -0.668732  0.00798687  0.00421077  -0.0152207  -0.0353122   -0.210989    0.306487   0.0320872
(NM) 1900: f = 275320 at 1.83709e-05    0.359612    0.401841     2.25581  -0.0367186  -0.0416626  -0.0247321  -0.0756313  -0.0602904  -0.0703013  -0.0285704  -0.0179843  -0.0565154  -0.0602057 -0.00320191 -0.00928103     -0.0123  -0.0591549   0.0370526    0.526943    0.645555   -0.492838   -0.668726  0.00798947  0.00421666  -0.0152103  -0.0352987   -0.210984    0.306479   0.0320166
(NM) 1920: f = 275320 at 1.83836e-05    0.359614    0.401842     2.25582  -0.0367174    -0.04166  -0.0247316  -0.0756275  -0.0602919   -0.070302  -0.0285817  -0.0179733  -0.0565085  -0.0602086 -0.00320529 -0.00927366   -0.012293  -0.0591545   0.0370526    0.526953    0.645552   -0.492841   -0.668731  0.00799063  0.00421374  -0.0152087  -0.0353047   -0.211023    0.306445     0.03199
(NM) 1940: f = 275320 at 1.83683e-05    0.359616    0.401841     2.25582  -0.0367372  -0.0416692  -0.0247506  -0.0756207  -0.0602912    -0.07031  -0.0285868  -0.0179785  -0.0565199  -0.0602072 -0.00320695 -0.00926537  -0.0123065  -0.0591549   0.0370518    0.526941    0.645552   -0.492826   -0.668721  0.00799132  0.00421253   -0.015196  -0.0353061   -0.210962    0.306504   0.0320752
(NM) 1960: f = 275320 at 1.83572e-05    0.359616    0.401842     2.25582  -0.0367271   -0.041669  -0.0247559  -0.0756307  -0.0603061  -0.0702931  -0.0285891  -0.0179677    -0.05652  -0.0602109 -0.00321798 -0.00926819  -0.0123033  -0.0591567   0.0370516    0.526937    0.645546   -0.492832   -0.668713  0.00799237  0.00421812  -0.0152035  -0.0353087   -0.210943    0.306491   0.0320419
(NM) 1980: f = 275320 at  1.8389e-05    0.359617    0.401844     2.25581  -0.0367387  -0.0416605  -0.0247472  -0.0756232  -0.0602762  -0.0702986  -0.0285876  -0.0179645  -0.0565154  -0.0602141 -0.00321337 -0.00925137  -0.0122959  -0.0591563    0.037053    0.526947    0.645548    -0.49283   -0.668717  0.00798958  0.00422096  -0.0152154  -0.0353132   -0.211028    0.306426   0.0319738
(NM) 2000: f = 275320 at 1.83573e-05    0.359616    0.401844      2.2558  -0.0367391  -0.0416555  -0.0247651  -0.0756473  -0.0602655  -0.0703048   -0.028584  -0.0179765  -0.0565236   -0.060214 -0.00322532 -0.00924861  -0.0123068  -0.0591581   0.0370511    0.526923    0.645553   -0.492819   -0.668701  0.00799128  0.00422214  -0.0152124  -0.0353109   -0.210947    0.306475   0.0320625
(NM) 2020: f = 275320 at 1.83565e-05    0.359615    0.401843     2.25581  -0.0367333  -0.0416455  -0.0247694  -0.0756317  -0.0602791  -0.0703064   -0.028601  -0.0179804  -0.0565166  -0.0602153 -0.00323454 -0.00924467  -0.0122965  -0.0591575   0.0370507    0.526922    0.645551   -0.492825   -0.668707  0.00799037  0.00422474   -0.015211  -0.0353066    -0.21095    0.306468   0.0320643
(NM) 2040: f = 275320 at 1.83521e-05    0.359617    0.401841     2.25581  -0.0367473  -0.0416803  -0.0247969  -0.0756364  -0.0602778  -0.0702931  -0.0285812  -0.0179674  -0.0565431   -0.060216 -0.00323102 -0.00924545  -0.0123107  -0.0591577   0.0370514    0.526934    0.645553   -0.492824   -0.668701  0.00799412  0.00422267  -0.0151882   -0.035307   -0.210958    0.306451   0.0319908
(NM) 2060: f = 275320 at  1.8368e-05    0.359619    0.401842     2.25581  -0.0367317  -0.0416381  -0.0247773   -0.075628  -0.0602856  -0.0703055  -0.0286111  -0.0179773  -0.0565166  -0.0602249 -0.00323794 -0.00924522  -0.0122868  -0.0591556   0.0370534    0.526928    0.645559   -0.492826   -0.668715  0.00799411  0.00421872  -0.0151807  -0.0352935   -0.211001    0.306399   0.0319616
(NM) 2080: f = 275320 at 1.83683e-05    0.359619    0.401842     2.25581  -0.0367339  -0.0416391  -0.0247787  -0.0756249  -0.0602863  -0.0703063  -0.0286132  -0.0179772  -0.0565176  -0.0602249 -0.00323813 -0.00924357  -0.0122877  -0.0591557   0.0370533    0.526928    0.645558   -0.492825   -0.668714  0.00799408  0.00421905  -0.0151803   -0.035294   -0.210997    0.306403    0.031968
(NM) 2100: f = 275320 at 1.83526e-05    0.359617    0.401842     2.25581  -0.0367461  -0.0416552  -0.0248016  -0.0756256  -0.0602731  -0.0702971  -0.0285992  -0.0179722  -0.0565359  -0.0602177 -0.00323971 -0.00923343  -0.0122957  -0.0591563   0.0370523    0.526931    0.645555   -0.492827   -0.668707  0.00799292  0.00422955  -0.0151925  -0.0352983   -0.211014    0.306394   0.0319389
(NM) 2120: f = 275320 at  1.8356e-05    0.359615    0.401839     2.25581  -0.0367565  -0.0416314  -0.0247863  -0.0756194  -0.0602814  -0.0703006   -0.028611  -0.0179794  -0.0565424  -0.0602078 -0.00324567 -0.00922939   -0.012291   -0.059156   0.0370518    0.526925     0.64556   -0.492815   -0.668719   0.0079913  0.00422396   -0.015189  -0.0353001   -0.211007    0.306392   0.0319739
(NM) 2140: f = 275320 at 1.83614e-05    0.359614     0.40184      2.2558  -0.0367366  -0.0416443  -0.0247902  -0.0756191  -0.0602719  -0.0702865  -0.0286029  -0.0179724   -0.056543  -0.0602157 -0.00324459 -0.00922524  -0.0122939  -0.0591564   0.0370521    0.526924    0.645561   -0.492829   -0.668716  0.00799061   0.0042315  -0.0151975  -0.0352948    -0.21104    0.306353   0.0318974
(NM) 2160: f = 275320 at 1.83712e-05    0.359616     0.40184     2.25581  -0.0367512  -0.0416606  -0.0247998  -0.0755969  -0.0602806   -0.070288  -0.0286123  -0.0179719  -0.0565566  -0.0602115 -0.00324251 -0.00922441  -0.0122983  -0.0591544   0.0370532    0.526937    0.645558    -0.49283   -0.668725  0.00799285  0.00423026  -0.0151761  -0.0352861   -0.211058    0.306353   0.0318666
(NM) 2180: f = 275320 at 1.83712e-05    0.359616     0.40184     2.25581  -0.0367512  -0.0416606  -0.0247998  -0.0755969  -0.0602806   -0.070288  -0.0286123  -0.0179719  -0.0565566  -0.0602115 -0.00324251 -0.00922441  -0.0122983  -0.0591544   0.0370532    0.526937    0.645558    -0.49283   -0.668725  0.00799285  0.00423026  -0.0151761  -0.0352861   -0.211058    0.306353   0.0318666
(NM) 2200: f = 275320 at 1.83793e-05    0.359615     0.40184      2.2558  -0.0367536  -0.0416428   -0.024784  -0.0756168   -0.060252  -0.0702918  -0.0285958  -0.0179756  -0.0565533  -0.0602121 -0.00323655 -0.00922086  -0.0122893  -0.0591543   0.0370538    0.526937    0.645568   -0.492829   -0.668725  0.00799007  0.00423112  -0.0151904  -0.0352862   -0.211113    0.306307   0.0318259
(NM) 2220: f = 275320 at 1.83656e-05    0.359613    0.401839     2.25581  -0.0367534  -0.0416476  -0.0247784  -0.0756083  -0.0602821  -0.0702908  -0.0286034  -0.0179711  -0.0565523  -0.0602054 -0.00323845 -0.00923956  -0.0122952  -0.0591544   0.0370534    0.526939     0.64556   -0.492826   -0.668729  0.00799118  0.00422967  -0.0151872  -0.0352847   -0.211063    0.306356   0.0318686
(NM) 2240: f = 275320 at 1.83771e-05    0.359617     0.40184     2.25581  -0.0367434  -0.0416347  -0.0247862  -0.0756054  -0.0602785  -0.0702943  -0.0286182  -0.0179742  -0.0565512  -0.0602177 -0.00324821 -0.00922732  -0.0122847  -0.0591538   0.0370543    0.526936    0.645566   -0.492832   -0.668725  0.00799294  0.00422918  -0.0151726  -0.0352762   -0.211086    0.306304   0.0318171
(NM) 2260: f = 275320 at 1.83658e-05    0.359616     0.40184     2.25581  -0.0367486  -0.0416488  -0.0247906  -0.0756165  -0.0602761  -0.0702913  -0.0286019  -0.0179699  -0.0565479  -0.0602131 -0.00324137 -0.00923409  -0.0122917  -0.0591547   0.0370535     0.52694    0.645563    -0.49283   -0.668722  0.00799291  0.00422772  -0.0151826  -0.0352871   -0.211068     0.30634   0.0318583
(NM) 2280: f = 275320 at 1.83695e-05    0.359616     0.40184     2.25581  -0.0367487  -0.0416581  -0.0247881  -0.0756112  -0.0602694   -0.070296  -0.0286074  -0.0179758   -0.056548  -0.0602106 -0.00324349 -0.00923067  -0.0122962  -0.0591542   0.0370533    0.526941    0.645562   -0.492829   -0.668724   0.0079928  0.00422935  -0.0151794  -0.0352821   -0.211071    0.306347   0.0318622
(NM) 2300: f = 275320 at 1.83695e-05    0.359616     0.40184     2.25581  -0.0367487  -0.0416581  -0.0247881  -0.0756112  -0.0602694   -0.070296  -0.0286074  -0.0179758   -0.056548  -0.0602106 -0.00324349 -0.00923067  -0.0122962  -0.0591542   0.0370533    0.526941    0.645562   -0.492829   -0.668724   0.0079928  0.00422935  -0.0151794  -0.0352821   -0.211071    0.306347   0.0318622
(NM) 2320: f = 275320 at 1.83752e-05    0.359616     0.40184     2.25581  -0.0367506  -0.0416528  -0.0247856  -0.0756143  -0.0602625    -0.07029  -0.0285999  -0.0179665  -0.0565447  -0.0602116 -0.00323848 -0.00923435  -0.0122946   -0.059154   0.0370543    0.526946    0.645568    -0.49283   -0.668726  0.00799205  0.00422914  -0.0151842  -0.0352833    -0.21111    0.306312   0.0318101
(NM) 2340: f = 275320 at 1.83649e-05    0.359615    0.401838      2.2558  -0.0367424   -0.041652  -0.0247831  -0.0756257   -0.060262  -0.0702871  -0.0285958  -0.0179658  -0.0565558  -0.0602158 -0.00324033 -0.00923472  -0.0122932  -0.0591535   0.0370539    0.526944    0.645574   -0.492829   -0.668727  0.00799303  0.00422883  -0.0151793  -0.0352797   -0.211122    0.306292   0.0317783
(NM) 2360: f = 275320 at 1.83654e-05    0.359616     0.40184      2.2558  -0.0367536  -0.0416555  -0.0247931  -0.0756195   -0.060259  -0.0702959  -0.0286019  -0.0179678  -0.0565454  -0.0602182 -0.00324543 -0.00923802  -0.0122975  -0.0591541   0.0370544    0.526945    0.645571   -0.492828   -0.668722  0.00799437  0.00422971  -0.0151758  -0.0352763   -0.211091     0.30632   0.0318173
(NM) 2380: f = 275320 at  1.8376e-05    0.359615    0.401839      2.2558  -0.0367489  -0.0416587  -0.0247824  -0.0756068  -0.0602455   -0.070289  -0.0286056  -0.0179662  -0.0565544  -0.0602174 -0.00324618 -0.00923286  -0.0122967  -0.0591524   0.0370552    0.526952    0.645579   -0.492833   -0.668731  0.00799255  0.00423541  -0.0151743  -0.0352625   -0.211167    0.306255   0.0317145
(NM) 2400: f = 275320 at  1.8366e-05    0.359615    0.401839      2.2558  -0.0367505  -0.0416502  -0.0247766  -0.0756219   -0.060261  -0.0702951   -0.028602  -0.0179625  -0.0565407  -0.0602199  -0.0032431 -0.00924559  -0.0122932  -0.0591534   0.0370547    0.526952    0.645577   -0.492825   -0.668729  0.00799377  0.00422745  -0.0151784  -0.0352747   -0.211124    0.306297   0.0317884
(NM) 2420: f = 275320 at 1.83504e-05    0.359613    0.401837      2.2558   -0.036756  -0.0416582   -0.024786  -0.0756263  -0.0602425  -0.0702901  -0.0286008  -0.0179553  -0.0565444  -0.0602249 -0.00325015 -0.00923833  -0.0122993  -0.0591537   0.0370541    0.526955    0.645586   -0.492821   -0.668726  0.00799379  0.00423226  -0.0151827  -0.0352741   -0.211152    0.306272   0.0317652
(NM) 2440: f = 275320 at 1.83592e-05    0.359614    0.401839      2.2558   -0.036748  -0.0416484  -0.0247842  -0.0756202   -0.060249  -0.0702938  -0.0286125  -0.0179607  -0.0565402  -0.0602301 -0.00325513 -0.00923454  -0.0122936  -0.0591537   0.0370541    0.526948    0.645582   -0.492825   -0.668724  0.00799395  0.00423346    -0.01518  -0.0352701   -0.211135    0.306271   0.0317683
(NM) 2460: f = 275320 at 1.83538e-05    0.359614    0.401837      2.2558   -0.036753  -0.0416555  -0.0247862  -0.0756112  -0.0602519  -0.0702952  -0.0286234  -0.0179557  -0.0565459  -0.0602336 -0.00326145 -0.00923777  -0.0122983  -0.0591524   0.0370547    0.526954    0.645589   -0.492822   -0.668729  0.00799607  0.00423299  -0.0151639  -0.0352583   -0.211153    0.306254    0.031731
(NM) 2480: f = 275320 at 1.83472e-05    0.359613    0.401838     2.25579  -0.0367514  -0.0416666  -0.0247654  -0.0756255   -0.060238  -0.0702868  -0.0286279  -0.0179485  -0.0565431  -0.0602373 -0.00326449 -0.00923746  -0.0123041  -0.0591531   0.0370536    0.526957    0.645588    -0.49283    -0.66872  0.00799461  0.00423917  -0.0151764  -0.0352606   -0.211155    0.306272   0.0317538
(NM) 2500: f = 275320 at 1.83472e-05    0.359613    0.401838     2.25579  -0.0367514  -0.0416666  -0.0247654  -0.0756255   -0.060238  -0.0702868  -0.0286279  -0.0179485  -0.0565431  -0.0602373 -0.00326449 -0.00923746  -0.0123041  -0.0591531   0.0370536    0.526957    0.645588    -0.49283    -0.66872  0.00799461  0.00423917  -0.0151764  -0.0352606   -0.211155    0.306272   0.0317538
(NM) 2520: f = 275320 at 1.83472e-05    0.359613    0.401838     2.25579  -0.0367514  -0.0416666  -0.0247654  -0.0756255   -0.060238  -0.0702868  -0.0286279  -0.0179485  -0.0565431  -0.0602373 -0.00326449 -0.00923746  -0.0123041  -0.0591531   0.0370536    0.526957    0.645588    -0.49283    -0.66872  0.00799461  0.00423917  -0.0151764  -0.0352606   -0.211155    0.306272   0.0317538
(NM) 2540: f = 275320 at 1.83438e-05    0.359612    0.401839      2.2558  -0.0367563  -0.0416729  -0.0247654  -0.0756134  -0.0602418  -0.0702955  -0.0286329  -0.0179472  -0.0565334  -0.0602468  -0.0032657 -0.00923758  -0.0123082  -0.0591534   0.0370529    0.526961    0.645588   -0.492821   -0.668721   0.0079951  0.00423778  -0.0151787  -0.0352642   -0.211131    0.306296   0.0318017
(NM) 2560: f = 275320 at 1.83461e-05    0.359613    0.401837      2.2558  -0.0367545  -0.0416669   -0.024762  -0.0756131  -0.0602482  -0.0702982  -0.0286312  -0.0179565   -0.056536  -0.0602382 -0.00326017 -0.00923637  -0.0123053  -0.0591528   0.0370528    0.526951    0.645589   -0.492823   -0.668725  0.00799407  0.00423455  -0.0151749  -0.0352621   -0.211121    0.306313   0.0318213
(NM) 2580: f = 275320 at 1.83461e-05    0.359613    0.401837      2.2558  -0.0367545  -0.0416669   -0.024762  -0.0756131  -0.0602482  -0.0702982  -0.0286312  -0.0179565   -0.056536  -0.0602382 -0.00326017 -0.00923637  -0.0123053  -0.0591528   0.0370528    0.526951    0.645589   -0.492823   -0.668725  0.00799407  0.00423455  -0.0151749  -0.0352621   -0.211121    0.306313   0.0318213
(NM) 2600: f = 275320 at 1.83404e-05    0.359612    0.401837      2.2558  -0.0367632   -0.041672  -0.0247707  -0.0756129  -0.0602541  -0.0702907  -0.0286317  -0.0179484  -0.0565441  -0.0602384  -0.0032622 -0.00923141  -0.0123097  -0.0591543   0.0370522    0.526949    0.645582   -0.492821    -0.66872  0.00799418  0.00423634  -0.0151785  -0.0352727    -0.21109    0.306335   0.0318515
(NM) 2620: f = 275320 at 1.83507e-05    0.359614    0.401838      2.2558  -0.0367589  -0.0416744  -0.0247676  -0.0756113  -0.0602568  -0.0702908  -0.0286276  -0.0179499  -0.0565379  -0.0602337 -0.00325335 -0.00923573  -0.0123088  -0.0591536   0.0370527    0.526951     0.64558   -0.492826   -0.668722  0.00799375  0.00423338  -0.0151775  -0.0352731     -0.2111    0.306341   0.0318467
(NM) 2640: f = 275320 at 1.83447e-05    0.359612    0.401837      2.2558  -0.0367584  -0.0416779  -0.0247544  -0.0756095  -0.0602471  -0.0702888  -0.0286331  -0.0179422  -0.0565336  -0.0602418 -0.00325787 -0.00923602  -0.0123117  -0.0591536   0.0370527    0.526956    0.645588   -0.492823   -0.668722  0.00799328  0.00423632  -0.0151835  -0.0352686   -0.211127    0.306315   0.0318276
(NM) 2660: f = 275320 at  1.8349e-05    0.359613    0.401837      2.2558  -0.0367622  -0.0416776  -0.0247552  -0.0756101  -0.0602465  -0.0702892  -0.0286389  -0.0179419  -0.0565348  -0.0602427 -0.00326126 -0.00923693  -0.0123091  -0.0591527   0.0370533     0.52696    0.645589    -0.49283   -0.668724  0.00799415  0.00423689   -0.015173  -0.0352606   -0.211141    0.306309   0.0317979
(NM) 2680: f = 275320 at  1.8349e-05    0.359613    0.401837      2.2558  -0.0367622  -0.0416776  -0.0247552  -0.0756101  -0.0602465  -0.0702892  -0.0286389  -0.0179419  -0.0565348  -0.0602427 -0.00326126 -0.00923693  -0.0123091  -0.0591527   0.0370533     0.52696    0.645589    -0.49283   -0.668724  0.00799415  0.00423689   -0.015173  -0.0352606   -0.211141    0.306309   0.0317979
(NM) 2700: f = 275320 at 1.83408e-05    0.359613    0.401837      2.2558  -0.0367664  -0.0416744  -0.0247639  -0.0756178  -0.0602515  -0.0702871  -0.0286352  -0.0179389  -0.0565335  -0.0602439 -0.00326285 -0.00923539  -0.0123086  -0.0591539   0.0370529    0.526956    0.645587   -0.492824   -0.668719  0.00799483  0.00423509  -0.0151759    -0.03527   -0.211119    0.306319   0.0318278
(NM) 2720: f = 275320 at 1.83449e-05    0.359614    0.401837      2.2558  -0.0367682  -0.0416858  -0.0247562  -0.0756155  -0.0602502   -0.070288  -0.0286371   -0.017943  -0.0565318  -0.0602381 -0.00326019 -0.00923574  -0.0123123  -0.0591537   0.0370528    0.526955    0.645585   -0.492829    -0.66872  0.00799419  0.00423585   -0.015174  -0.0352666   -0.211111    0.306343   0.0318448
(NM) 2740: f = 275320 at 1.83414e-05    0.359613    0.401836      2.2558   -0.036769  -0.0416758  -0.0247588  -0.0756112  -0.0602516   -0.070291  -0.0286421  -0.0179437    -0.05653  -0.0602394 -0.00326237 -0.00923502  -0.0123098  -0.0591537   0.0370527    0.526951    0.645588   -0.492827   -0.668721  0.00799364  0.00423613  -0.0151745  -0.0352655   -0.211111     0.30634   0.0318539
(NM) 2760: f = 275320 at 1.83476e-05    0.359615    0.401836      2.2558  -0.0367717  -0.0416738  -0.0247593  -0.0756184  -0.0602601  -0.0702894  -0.0286406  -0.0179414  -0.0565263  -0.0602324 -0.00325966 -0.00923529  -0.0123044  -0.0591544   0.0370529     0.52695     0.64558   -0.492834    -0.66872  0.00799346  0.00423387   -0.015175  -0.0352724   -0.211099    0.306361   0.0318697
(NM) 2780: f = 275320 at 1.83475e-05    0.359614    0.401836      2.2558  -0.0367747  -0.0416802  -0.0247507  -0.0756154  -0.0602521  -0.0702906  -0.0286427  -0.0179424   -0.056525  -0.0602302 -0.00325892 -0.00923818  -0.0123083  -0.0591539   0.0370531    0.526951    0.645585   -0.492836   -0.668722  0.00799264  0.00423633  -0.0151751  -0.0352653   -0.211111    0.306362   0.0318643
(NM) 2800: f = 275320 at 1.83436e-05    0.359614    0.401837      2.2558  -0.0367739  -0.0416785  -0.0247533  -0.0756227  -0.0602506  -0.0702883  -0.0286416  -0.0179387  -0.0565224  -0.0602368 -0.00326679 -0.00923426  -0.0123036  -0.0591544   0.0370533    0.526958    0.645586   -0.492832   -0.668721  0.00799433  0.00423435  -0.0151741  -0.0352677   -0.211133    0.306325    0.031837
(NM) 2820: f = 275320 at 1.83463e-05    0.359614    0.401835      2.2558  -0.0367753  -0.0416688  -0.0247557  -0.0756229  -0.0602536  -0.0702947  -0.0286418  -0.0179447  -0.0565183  -0.0602275 -0.00326205 -0.00923815  -0.0122992  -0.0591542   0.0370533    0.526951    0.645585   -0.492836   -0.668725  0.00799292  0.00423473  -0.0151761  -0.0352667   -0.211122    0.306346   0.0318558
(NM) 2840: f = 275320 at 1.83466e-05    0.359614    0.401835      2.2558  -0.0367822  -0.0416819  -0.0247517  -0.0756208   -0.060251  -0.0702848  -0.0286394  -0.0179368  -0.0565212  -0.0602247 -0.00325946 -0.00923629   -0.012304  -0.0591541   0.0370535    0.526957    0.645585   -0.492839   -0.668726  0.00799236  0.00423556  -0.0151766  -0.0352675   -0.211143    0.306342   0.0318391
(NM) 2860: f = 275320 at 1.83514e-05    0.359613    0.401835      2.2558  -0.0367836  -0.0416761  -0.0247507  -0.0756215  -0.0602509  -0.0702874  -0.0286408  -0.0179378  -0.0565197  -0.0602219 -0.00326193 -0.00923813  -0.0123008  -0.0591541   0.0370539    0.526958    0.645584   -0.492842   -0.668729  0.00799233  0.00423622  -0.0151752  -0.0352651    -0.21115    0.306334   0.0318214
(NM) 2880: f = 275320 at 1.83466e-05    0.359613    0.401835      2.2558  -0.0367841  -0.0416711  -0.0247564  -0.0756198  -0.0602536  -0.0702874  -0.0286427  -0.0179385  -0.0565206  -0.0602234 -0.00326544 -0.00923259  -0.0122968  -0.0591543   0.0370537    0.526958    0.645584   -0.492838   -0.668729  0.00799254  0.00423572  -0.0151764  -0.0352676   -0.211155    0.306319   0.0318245
(NM) 2900: f = 275320 at 1.83466e-05    0.359613    0.401835      2.2558  -0.0367841  -0.0416711  -0.0247564  -0.0756198  -0.0602536  -0.0702874  -0.0286427  -0.0179385  -0.0565206  -0.0602234 -0.00326544 -0.00923259  -0.0122968  -0.0591543   0.0370537    0.526958    0.645584   -0.492838   -0.668729  0.00799254  0.00423572  -0.0151764  -0.0352676   -0.211155    0.306319   0.0318245
(NM) 2920: f = 275320 at 1.83491e-05    0.359613    0.401834      2.2558  -0.0367832  -0.0416734  -0.0247495  -0.0756219  -0.0602516  -0.0702917  -0.0286449  -0.0179423  -0.0565129  -0.0602199 -0.00326652 -0.00923531  -0.0122944  -0.0591543   0.0370539    0.526958    0.645585   -0.492842   -0.668731  0.00799226  0.00423572  -0.0151757  -0.0352643   -0.211159    0.306327   0.0318317
(NM) 2940: f = 275320 at 1.83491e-05    0.359613    0.401834      2.2558  -0.0367832  -0.0416734  -0.0247495  -0.0756219  -0.0602516  -0.0702917  -0.0286449  -0.0179423  -0.0565129  -0.0602199 -0.00326652 -0.00923531  -0.0122944  -0.0591543   0.0370539    0.526958    0.645585   -0.492842   -0.668731  0.00799226  0.00423572  -0.0151757  -0.0352643   -0.211159    0.306327   0.0318317
(NM) 2960: f = 275320 at 1.83437e-05    0.359613    0.401835      2.2558  -0.0367792   -0.041676  -0.0247532  -0.0756188  -0.0602512  -0.0702894  -0.0286452  -0.0179422  -0.0565201  -0.0602262 -0.00326638 -0.00923018  -0.0122986  -0.0591541   0.0370534    0.526955    0.645587   -0.492835   -0.668727  0.00799272  0.00423527  -0.0151748  -0.0352655   -0.211153    0.306321   0.0318365
(NM) 2980: f = 275320 at 1.83452e-05    0.359612    0.401834      2.2558  -0.0367799  -0.0416717  -0.0247533  -0.0756201  -0.0602493   -0.070289  -0.0286423  -0.0179392  -0.0565198  -0.0602251 -0.00326564 -0.00923463  -0.0122975   -0.059154   0.0370537    0.526958    0.645589   -0.492837   -0.668731  0.00799258  0.00423538  -0.0151753  -0.0352641   -0.211168     0.30631   0.0318129
(NM) 3000: f = 275320 at 1.83444e-05    0.359613    0.401834      2.2558  -0.0367849  -0.0416807  -0.0247531  -0.0756205  -0.0602506  -0.0702851  -0.0286449   -0.017938  -0.0565166  -0.0602211  -0.0032665 -0.00923048  -0.0122991  -0.0591545   0.0370535    0.526957    0.645586    -0.49284   -0.668729  0.00799228  0.00423604   -0.015176  -0.0352668   -0.211162    0.306324   0.0318319
(NM) 3020: f = 275320 at 1.83446e-05    0.359613    0.401834      2.2558    -0.03678  -0.0416784  -0.0247538  -0.0756215   -0.060251  -0.0702892  -0.0286452  -0.0179407  -0.0565166   -0.060224 -0.00326966 -0.00923109  -0.0122965  -0.0591542   0.0370536    0.526959    0.645587   -0.492839   -0.668731  0.00799315  0.00423538  -0.0151735  -0.0352647   -0.211166    0.306313   0.0318209
(NM) 3040: f = 275320 at 1.83411e-05    0.359612    0.401834      2.2558  -0.0367796   -0.041679  -0.0247512   -0.075622  -0.0602523  -0.0702881  -0.0286444  -0.0179419  -0.0565161  -0.0602207  -0.0032684 -0.00922888  -0.0122963  -0.0591547   0.0370532    0.526956    0.645586   -0.492838    -0.66873  0.00799237  0.00423478  -0.0151774  -0.0352683   -0.211161    0.306321    0.031843
(NM) 3060: f = 275320 at 1.83408e-05    0.359612    0.401834      2.2558   -0.036777  -0.0416858  -0.0247528   -0.075622  -0.0602552  -0.0702854  -0.0286445  -0.0179416  -0.0565176  -0.0602209 -0.00326889 -0.00922831  -0.0122984  -0.0591548   0.0370529    0.526957    0.645585   -0.492839    -0.66873  0.00799298  0.00423403  -0.0151748    -0.03527   -0.211156    0.306327   0.0318495
(NM) 3080: f = 275320 at 1.83366e-05    0.359612    0.401834      2.2558  -0.0367733  -0.0416857  -0.0247518  -0.0756231  -0.0602546  -0.0702862  -0.0286448  -0.0179415  -0.0565171  -0.0602261 -0.00327038 -0.00922633  -0.0122979  -0.0591548   0.0370527    0.526956    0.645588   -0.492836   -0.668729  0.00799333  0.00423346  -0.0151751  -0.0352706   -0.211156     0.30632   0.0318546
(NM) 3100: f = 275320 at  1.8344e-05    0.359612    0.401835      2.2558  -0.0367683   -0.041685  -0.0247467  -0.0756169  -0.0602542   -0.070286  -0.0286467  -0.0179421   -0.056514  -0.0602266 -0.00326869 -0.00922714  -0.0122964  -0.0591544    0.037053    0.526958    0.645588    -0.49284   -0.668732  0.00799274  0.00423369  -0.0151763  -0.0352682   -0.211169     0.30631   0.0318397
(NM) 3120: f = 275320 at 1.83377e-05    0.359611    0.401834      2.2558    -0.03677  -0.0416882  -0.0247477  -0.0756243  -0.0602571  -0.0702847  -0.0286471  -0.0179433  -0.0565114   -0.060219 -0.00327171 -0.00922452  -0.0122933  -0.0591551   0.0370526    0.526957    0.645587   -0.492843   -0.668732  0.00799267  0.00423273  -0.0151755   -0.035271   -0.211171    0.306317   0.0318585
(NM) 3140: f = 275320 at 1.83385e-05    0.359611    0.401834      2.2558  -0.0367683  -0.0416974  -0.0247482  -0.0756202  -0.0602567  -0.0702844  -0.0286468  -0.0179416   -0.056508  -0.0602207 -0.00326991 -0.00922414  -0.0122964  -0.0591551   0.0370525     0.52696    0.645588   -0.492842   -0.668733  0.00799287  0.00423184  -0.0151754  -0.0352733   -0.211172    0.306322   0.0318678
(NM) 3160: f = 275320 at 1.83453e-05    0.359612    0.401835      2.2558  -0.0367682  -0.0416879  -0.0247466  -0.0756208  -0.0602541  -0.0702878   -0.028644  -0.0179437  -0.0565082  -0.0602215 -0.00326849 -0.00922947  -0.0122929  -0.0591546   0.0370533    0.526961    0.645588   -0.492845   -0.668734  0.00799271  0.00423304  -0.0151754  -0.0352687   -0.211177    0.306312   0.0318426
(NM) 3180: f = 275320 at  1.8348e-05    0.359612    0.401835      2.2558  -0.0367618  -0.0416946   -0.024746  -0.0756187  -0.0602555    -0.07028  -0.0286422  -0.0179394  -0.0565112  -0.0602239 -0.00326767 -0.00922549  -0.0122937  -0.0591546   0.0370532    0.526964    0.645589   -0.492848   -0.668734  0.00799288  0.00423236  -0.0151752  -0.0352718   -0.211193    0.306295   0.0318252
(NM) 3200: f = 275320 at 1.83423e-05    0.359611    0.401834      2.2558   -0.036762   -0.041702  -0.0247447  -0.0756226  -0.0602536  -0.0702827  -0.0286429  -0.0179416  -0.0565063  -0.0602198 -0.00326945 -0.00922551   -0.012294  -0.0591548    0.037053    0.526964    0.645591   -0.492849   -0.668735  0.00799297  0.00423162  -0.0151736  -0.0352713   -0.211197    0.306304   0.0318434
(NM) 3220: f = 275320 at 1.83423e-05    0.359611    0.401834      2.2558   -0.036762   -0.041702  -0.0247447  -0.0756226  -0.0602536  -0.0702827  -0.0286429  -0.0179416  -0.0565063  -0.0602198 -0.00326945 -0.00922551   -0.012294  -0.0591548    0.037053    0.526964    0.645591   -0.492849   -0.668735  0.00799297  0.00423162  -0.0151736  -0.0352713   -0.211197    0.306304   0.0318434
(NM) 3240: f = 275320 at 1.83506e-05    0.359612    0.401835      2.2558  -0.0367602  -0.0416902   -0.024743  -0.0756189   -0.060251  -0.0702831  -0.0286419  -0.0179411  -0.0565063  -0.0602211 -0.00326709 -0.00922742  -0.0122896  -0.0591544   0.0370537    0.526965    0.645592   -0.492851   -0.668737  0.00799216  0.00423284  -0.0151764  -0.0352684   -0.211213    0.306281   0.0318115
(NM) 3260: f = 275320 at  1.8344e-05    0.359611    0.401834      2.2558  -0.0367609  -0.0416952  -0.0247447  -0.0756191  -0.0602542  -0.0702802  -0.0286411    -0.01794  -0.0565062  -0.0602203 -0.00326585 -0.00922628  -0.0122913  -0.0591549   0.0370532    0.526962    0.645592   -0.492851   -0.668735   0.0079919  0.00423274  -0.0151782  -0.0352715   -0.211201    0.306296   0.0318393
(NM) 3280: f = 275320 at   1.835e-05    0.359612    0.401835      2.2558  -0.0367501  -0.0416965  -0.0247465  -0.0756181  -0.0602525  -0.0702791  -0.0286385  -0.0179409  -0.0565082  -0.0602248  -0.0032665 -0.00922391  -0.0122902  -0.0591546   0.0370535    0.526965    0.645595   -0.492852   -0.668736  0.00799265  0.00423192  -0.0151756  -0.0352718   -0.211215    0.306272   0.0318142
(NM) 3300: f = 275320 at 1.83491e-05    0.359611    0.401835      2.2558  -0.0367545  -0.0416934  -0.0247447  -0.0756189   -0.060251   -0.070282  -0.0286398  -0.0179404  -0.0565067  -0.0602244  -0.0032678 -0.00922857  -0.0122888  -0.0591544   0.0370538    0.526966    0.645596   -0.492855   -0.668738  0.00799259  0.00423352  -0.0151746  -0.0352676   -0.211219    0.306273   0.0318053
(NM) 3320: f = 275320 at 1.83498e-05    0.359612    0.401835      2.2558  -0.0367513  -0.0416958  -0.0247514  -0.0756178  -0.0602517  -0.0702805  -0.0286361  -0.0179412  -0.0565033  -0.0602217 -0.00326554 -0.00922548  -0.0122875  -0.0591548   0.0370537    0.526965    0.645596   -0.492854   -0.668738  0.00799234  0.00423199  -0.0151766  -0.0352728   -0.211223    0.306269   0.0318151
(NM) 3340: f = 275320 at 1.83498e-05    0.359612    0.401835      2.2558  -0.0367513  -0.0416958  -0.0247514  -0.0756178  -0.0602517  -0.0702805  -0.0286361  -0.0179412  -0.0565033  -0.0602217 -0.00326554 -0.00922548  -0.0122875  -0.0591548   0.0370537    0.526965    0.645596   -0.492854   -0.668738  0.00799234  0.00423199  -0.0151766  -0.0352728   -0.211223    0.306269   0.0318151
(NM) 3360: f = 275320 at 1.83456e-05    0.359611    0.401834      2.2558  -0.0367567  -0.0416967  -0.0247468  -0.0756161   -0.060255  -0.0702803  -0.0286383  -0.0179404  -0.0565064  -0.0602209 -0.00326457 -0.00922696  -0.0122899  -0.0591548   0.0370536    0.526962    0.645597   -0.492855   -0.668738  0.00799192  0.00423255  -0.0151755  -0.0352707   -0.211209    0.306287   0.0318346
(NM) 3380: f = 275320 at 1.83433e-05    0.359611    0.401834      2.2558  -0.0367549  -0.0416947  -0.0247536  -0.0756158  -0.0602519  -0.0702829  -0.0286334   -0.017941  -0.0565075  -0.0602226  -0.0032646 -0.00923007  -0.0122888  -0.0591545   0.0370538    0.526964    0.645602   -0.492853    -0.66874  0.00799231   0.0042333  -0.0151747   -0.035269    -0.21122    0.306272   0.0318176
(NM) 3400: f = 275320 at 1.83449e-05    0.359611    0.401834      2.2558  -0.0367537  -0.0416928  -0.0247587  -0.0756154  -0.0602545  -0.0702831  -0.0286324  -0.0179403  -0.0565054  -0.0602206 -0.00326592 -0.00923003  -0.0122852  -0.0591548    0.037054    0.526965    0.645603   -0.492857   -0.668743  0.00799248  0.00423295  -0.0151733  -0.0352699   -0.211227    0.306264   0.0318144
(NM) 3420: f = 275320 at 1.83409e-05    0.359611    0.401833      2.2558  -0.0367569   -0.041699  -0.0247573  -0.0756105  -0.0602575  -0.0702831  -0.0286355  -0.0179392  -0.0565109  -0.0602238 -0.00326555 -0.00923124  -0.0122918  -0.0591546   0.0370535    0.526965    0.645603   -0.492853   -0.668742  0.00799283   0.0042336  -0.0151717   -0.035269   -0.211206    0.306285   0.0318358
(NM) 3440: f = 275320 at 1.83411e-05     0.35961    0.401833      2.2558   -0.036757  -0.0416966  -0.0247599  -0.0756094   -0.060256  -0.0702852  -0.0286302  -0.0179389  -0.0565065  -0.0602198 -0.00326166 -0.00923405  -0.0122881  -0.0591548    0.037054    0.526966    0.645607   -0.492856   -0.668745  0.00799203   0.0042328  -0.0151725  -0.0352703   -0.211222    0.306277   0.0318373
(NM) 3460: f = 275320 at 1.83481e-05    0.359611    0.401834      2.2558  -0.0367576   -0.041697  -0.0247639  -0.0756048   -0.060261  -0.0702872  -0.0286337  -0.0179373  -0.0565086  -0.0602222 -0.00326253 -0.00923546  -0.0122891  -0.0591545   0.0370542    0.526968    0.645605   -0.492859   -0.668745  0.00799297  0.00423292  -0.0151672  -0.0352688   -0.211209    0.306285   0.0318364
(NM) 3480: f = 275320 at 1.83481e-05    0.359611    0.401834      2.2558  -0.0367576   -0.041697  -0.0247639  -0.0756048   -0.060261  -0.0702872  -0.0286337  -0.0179373  -0.0565086  -0.0602222 -0.00326253 -0.00923546  -0.0122891  -0.0591545   0.0370542    0.526968    0.645605   -0.492859   -0.668745  0.00799297  0.00423292  -0.0151672  -0.0352688   -0.211209    0.306285   0.0318364
(NM) 3500: f = 275320 at 1.83452e-05    0.359611    0.401834      2.2558  -0.0367547   -0.041707  -0.0247668  -0.0756029  -0.0602621  -0.0702862  -0.0286299  -0.0179373  -0.0565086   -0.060223 -0.00326315 -0.00923464  -0.0122903  -0.0591549   0.0370539    0.526971    0.645606   -0.492859   -0.668747  0.00799335  0.00423324  -0.0151676  -0.0352723   -0.211209    0.306286   0.0318469
(NM) 3520: f = 275320 at 1.83435e-05    0.359611    0.401833      2.2558  -0.0367581  -0.0416989  -0.0247575  -0.0756043  -0.0602616   -0.070287  -0.0286337  -0.0179374  -0.0565111  -0.0602237 -0.00326424 -0.00923506  -0.0122887  -0.0591546    0.037054    0.526969    0.645607   -0.492858   -0.668747  0.00799278  0.00423347  -0.0151683   -0.035268   -0.211211    0.306282   0.0318434
(NM) 3540: f = 275320 at 1.83467e-05    0.359611    0.401833      2.2558  -0.0367594  -0.0417057  -0.0247638  -0.0756012  -0.0602623  -0.0702886  -0.0286332  -0.0179352   -0.056504  -0.0602197 -0.00326456 -0.00923608  -0.0122869   -0.059155   0.0370543    0.526974    0.645607   -0.492863    -0.66875  0.00799293  0.00423362  -0.0151672  -0.0352705   -0.211223    0.306282   0.0318477
(NM) 3560: f = 275320 at 1.83496e-05    0.359611    0.401834      2.2558  -0.0367494  -0.0417065  -0.0247601  -0.0755987  -0.0602636  -0.0702845   -0.028633  -0.0179324  -0.0565088   -0.060228 -0.00326441 -0.00923335  -0.0122874   -0.059155   0.0370542    0.526976    0.645608   -0.492864   -0.668748  0.00799335  0.00423329  -0.0151681  -0.0352729   -0.211225    0.306265   0.0318385
(NM) 3580: f = 275320 at 1.83525e-05     0.35961    0.401835      2.2558  -0.0367533  -0.0417032  -0.0247573  -0.0755996   -0.060263  -0.0702875  -0.0286328  -0.0179341  -0.0565084  -0.0602249 -0.00326554 -0.00923436  -0.0122858  -0.0591549   0.0370543    0.526978    0.645605   -0.492863    -0.66875  0.00799339  0.00423262  -0.0151679  -0.0352716   -0.211229    0.306262   0.0318327
(NM) 3600: f = 275320 at 1.83461e-05     0.35961    0.401834      2.2558  -0.0367587  -0.0417003  -0.0247581  -0.0756028    -0.06026  -0.0702872  -0.0286286  -0.0179341  -0.0565108  -0.0602212 -0.00326351 -0.00923613  -0.0122867  -0.0591551   0.0370543    0.526975    0.645608    -0.49286    -0.66875  0.00799265  0.00423312    -0.01517  -0.0352718   -0.211231    0.306264   0.0318374
(NM) 3620: f = 275320 at 1.83484e-05     0.35961    0.401835      2.2558  -0.0367558  -0.0416998  -0.0247562  -0.0756014  -0.0602621  -0.0702919  -0.0286293  -0.0179337  -0.0565148  -0.0602278 -0.00326676 -0.00923595  -0.0122866  -0.0591552   0.0370542    0.526979    0.645609   -0.492858   -0.668749  0.00799387  0.00423234  -0.0151677  -0.0352728    -0.21122    0.306259   0.0318486
(NM) 3640: f = 275320 at 1.83498e-05     0.35961    0.401834      2.2558  -0.0367614   -0.041698  -0.0247595  -0.0755972  -0.0602641  -0.0702971  -0.0286277  -0.0179313  -0.0565132  -0.0602257 -0.00326464 -0.00924156  -0.0122842  -0.0591552   0.0370547    0.526982    0.645613   -0.492863   -0.668753   0.0079938  0.00423217  -0.0151637  -0.0352714   -0.211225    0.306262   0.0318569
(NM) 3660: f = 275320 at 1.83488e-05     0.35961    0.401835      2.2558  -0.0367561  -0.0416934   -0.024751  -0.0756055  -0.0602612  -0.0702952  -0.0286268  -0.0179354   -0.056517  -0.0602256 -0.00326654 -0.00923809  -0.0122831  -0.0591553   0.0370544     0.52698     0.64561    -0.49286    -0.66875  0.00799372   0.0042314  -0.0151673  -0.0352722   -0.211225    0.306252   0.0318497
(NM) 3680: f = 275320 at 1.83444e-05    0.359609    0.401835      2.2558  -0.0367576  -0.0417015  -0.0247528  -0.0756026  -0.0602635  -0.0702933  -0.0286242  -0.0179311  -0.0565183  -0.0602255 -0.00326701 -0.00923872  -0.0122836  -0.0591558   0.0370543    0.526984    0.645614   -0.492863   -0.668752  0.00799384  0.00423201  -0.0151664  -0.0352748    -0.21123     0.30625   0.0318654
(NM) 3700: f = 275320 at 1.83356e-05    0.359609    0.401834      2.2558   -0.036766  -0.0417032  -0.0247541  -0.0756026  -0.0602684  -0.0703028  -0.0286226  -0.0179331  -0.0565206  -0.0602234 -0.00326571 -0.00924411  -0.0122875  -0.0591563   0.0370536    0.526981    0.645615   -0.492858   -0.668752  0.00799418  0.00423022  -0.0151639  -0.0352776   -0.211192     0.30629    0.031931
(NM) 3720: f = 275320 at 1.83444e-05    0.359609    0.401835     2.25579  -0.0367638  -0.0416988  -0.0247556  -0.0756038  -0.0602659   -0.070299  -0.0286196  -0.0179302  -0.0565214  -0.0602199 -0.00326427 -0.00924242  -0.0122839  -0.0591562   0.0370543    0.526984    0.645616   -0.492865   -0.668754  0.00799378  0.00422987  -0.0151628  -0.0352775   -0.211219    0.306264   0.0318979
(NM) 3740: f = 275320 at 1.83393e-05    0.359609    0.401835     2.25579  -0.0367632  -0.0416988  -0.0247475   -0.075609  -0.0602628  -0.0702999  -0.0286239  -0.0179326  -0.0565162  -0.0602211 -0.00326668 -0.00923768  -0.0122821  -0.0591565   0.0370539     0.52698    0.645617   -0.492862    -0.66875  0.00799329   0.0042293  -0.0151662  -0.0352789   -0.211219    0.306267   0.0319163
(NM) 3760: f = 275320 at 1.83393e-05    0.359609    0.401835     2.25579  -0.0367632  -0.0416988  -0.0247475   -0.075609  -0.0602628  -0.0702999  -0.0286239  -0.0179326  -0.0565162  -0.0602211 -0.00326668 -0.00923768  -0.0122821  -0.0591565   0.0370539     0.52698    0.645617   -0.492862    -0.66875  0.00799329   0.0042293  -0.0151662  -0.0352789   -0.211219    0.306267   0.0319163
(NM) 3780: f = 275320 at 1.83408e-05     0.35961    0.401836     2.25579  -0.0367628   -0.041703  -0.0247458  -0.0756098  -0.0602635  -0.0703033    -0.02862  -0.0179336  -0.0565265   -0.060223 -0.00326524 -0.00924156  -0.0122884  -0.0591565   0.0370535    0.526982    0.645614    -0.49286   -0.668747  0.00799421  0.00422914  -0.0151627  -0.0352798   -0.211192    0.306286   0.0319344
(NM) 3800: f = 275320 at 1.83477e-05    0.359609    0.401835     2.25579  -0.0367641  -0.0416975  -0.0247411  -0.0756076  -0.0602616  -0.0702986  -0.0286253  -0.0179283  -0.0565201  -0.0602208 -0.00326536  -0.0092382  -0.0122823  -0.0591564   0.0370543    0.526984    0.645615   -0.492868    -0.66875  0.00799295  0.00423013  -0.0151656  -0.0352778   -0.211228     0.30626   0.0319013
(NM) 3820: f = 275320 at 1.83378e-05    0.359609    0.401834      2.2558  -0.0367685  -0.0416969  -0.0247511  -0.0756055  -0.0602649  -0.0703037  -0.0286292   -0.017932  -0.0565215  -0.0602232 -0.00327016 -0.00923944  -0.0122853  -0.0591562   0.0370537    0.526981    0.645615    -0.49286    -0.66875  0.00799405  0.00423107  -0.0151625  -0.0352751   -0.211203    0.306279   0.0319181
(NM) 3840: f = 275320 at 1.83403e-05    0.359609    0.401835     2.25579  -0.0367658  -0.0416983  -0.0247433  -0.0756106  -0.0602598  -0.0703003  -0.0286231  -0.0179304  -0.0565233  -0.0602203 -0.00326579 -0.00923828  -0.0122838  -0.0591564   0.0370539    0.526983    0.645618   -0.492864   -0.668748  0.00799318  0.00422964  -0.0151641  -0.0352777   -0.211224    0.306264   0.0319127
(NM) 3860: f = 275320 at 1.83402e-05    0.359609    0.401834     2.25579  -0.0367712  -0.0417005  -0.0247434  -0.0756067  -0.0602648  -0.0703043  -0.0286258  -0.0179299  -0.0565228  -0.0602194 -0.00326643 -0.00924131  -0.0122849  -0.0591565   0.0370539    0.526983    0.645617   -0.492865   -0.668751  0.00799341  0.00422979  -0.0151614  -0.0352771   -0.211208    0.306284   0.0319357
(NM) 3880: f = 275320 at 1.83412e-05    0.359609    0.401835     2.25579  -0.0367645   -0.041702  -0.0247446   -0.075606  -0.0602644  -0.0703021  -0.0286257  -0.0179301  -0.0565189  -0.0602199 -0.00326592 -0.00923784  -0.0122828  -0.0591566   0.0370538    0.526983    0.645618   -0.492867   -0.668751  0.00799312  0.00422916  -0.0151635  -0.0352799   -0.211218    0.306274   0.0319351
(NM) 3900: f = 275320 at 1.83416e-05     0.35961    0.401835     2.25579  -0.0367664  -0.0417028  -0.0247423  -0.0756073  -0.0602631  -0.0703035  -0.0286309  -0.0179308  -0.0565222  -0.0602238 -0.00326957 -0.00923566  -0.0122861  -0.0591565   0.0370535    0.526982    0.645614   -0.492862   -0.668747  0.00799385  0.00423004  -0.0151623  -0.0352781   -0.211204    0.306282   0.0319334
(NM) 3920: f = 275320 at 1.83412e-05    0.359609    0.401835     2.25579  -0.0367717  -0.0417016  -0.0247389  -0.0756065  -0.0602614  -0.0703028   -0.028632  -0.0179294  -0.0565225  -0.0602201 -0.00326878 -0.00923686  -0.0122858  -0.0591563   0.0370537    0.526983    0.645615   -0.492865   -0.668749  0.00799305  0.00423109  -0.0151626  -0.0352756   -0.211215    0.306281   0.0319281
(NM) 3940: f = 275320 at 1.83423e-05    0.359609    0.401835     2.25579  -0.0367701  -0.0417035  -0.0247435  -0.0756032  -0.0602613  -0.0703031  -0.0286308  -0.0179294  -0.0565218  -0.0602216 -0.00326858 -0.00923717  -0.0122852  -0.0591561   0.0370539    0.526985    0.645618   -0.492865   -0.668751  0.00799335  0.00423135  -0.0151608  -0.0352746   -0.211223    0.306273   0.0319175
(NM) 3960: f = 275320 at 1.83418e-05    0.359609    0.401835     2.25579  -0.0367669  -0.0417041  -0.0247405  -0.0756034  -0.0602612  -0.0703042  -0.0286336  -0.0179301  -0.0565247  -0.0602234 -0.00327007 -0.00923316  -0.0122855  -0.0591563   0.0370535    0.526984    0.645618   -0.492865   -0.668748   0.0079934  0.00423103  -0.0151603  -0.0352763   -0.211217    0.306273   0.0319334
(NM) 3980: f = 275320 at 1.83432e-05    0.359609    0.401835     2.25579  -0.0367701  -0.0417044  -0.0247419  -0.0756007  -0.0602609  -0.0703087   -0.028632  -0.0179298  -0.0565246  -0.0602218 -0.00327046 -0.00923695  -0.0122837  -0.0591562   0.0370539    0.526988    0.645621   -0.492868   -0.668752  0.00799357  0.00423155  -0.0151573  -0.0352739   -0.211226    0.306269   0.0319304
(NM) 4000: f = 275320 at 1.83403e-05    0.359609    0.401835     2.25579  -0.0367732  -0.0417036  -0.0247425  -0.0756024  -0.0602583  -0.0703072  -0.0286303  -0.0179304  -0.0565267  -0.0602189 -0.00326946 -0.00923621  -0.0122845  -0.0591561   0.0370539    0.526986    0.645622   -0.492867   -0.668751  0.00799304  0.00423215   -0.015158  -0.0352732    -0.21123    0.306268   0.0319277
(NM) 4020: f = 275320 at 1.83413e-05    0.359609    0.401835     2.25579  -0.0367735  -0.0417055  -0.0247433  -0.0756012  -0.0602631  -0.0703068  -0.0286323  -0.0179294  -0.0565298  -0.0602207 -0.00327063 -0.00923343  -0.0122863  -0.0591565   0.0370535    0.526986    0.645618   -0.492864   -0.668749  0.00799362  0.00423114  -0.0151577  -0.0352773   -0.211213    0.306278   0.0319457
(NM) 4040: f = 275320 at 1.83418e-05    0.359609    0.401836     2.25579  -0.0367697  -0.0417044  -0.0247454  -0.0756019  -0.0602566  -0.0703082    -0.02863  -0.0179323  -0.0565281  -0.0602221 -0.00327113 -0.00923362  -0.0122846  -0.0591561   0.0370538    0.526987     0.64562   -0.492865    -0.66875  0.00799363  0.00423241  -0.0151578  -0.0352738    -0.21123     0.30626   0.0319198
(NM) 4060: f = 275320 at 1.83398e-05    0.359609    0.401835     2.25579  -0.0367722  -0.0417064  -0.0247442  -0.0756021  -0.0602556  -0.0703054  -0.0286275  -0.0179315  -0.0565282  -0.0602176  -0.0032697  -0.0092337  -0.0122844  -0.0591563   0.0370538    0.526987     0.64562   -0.492866   -0.668751  0.00799285  0.00423315  -0.0151608  -0.0352749   -0.211238     0.30626   0.0319211
(NM) 4080: f = 275320 at 1.83437e-05    0.359609    0.401836     2.25579  -0.0367734  -0.0417019   -0.024744  -0.0756024  -0.0602562  -0.0703103  -0.0286301  -0.0179323  -0.0565255  -0.0602168  -0.0032707 -0.00923248   -0.012281  -0.0591564   0.0370539    0.526987    0.645621   -0.492868   -0.668751  0.00799284  0.00423214  -0.0151591  -0.0352758   -0.211238     0.30626    0.031931
(NM) 4100: f = 275320 at 1.83425e-05     0.35961    0.401836     2.25579  -0.0367716  -0.0417042  -0.0247517  -0.0756012  -0.0602557  -0.0703082  -0.0286286  -0.0179344   -0.056527  -0.0602172 -0.00327068  -0.0092304   -0.012283  -0.0591565   0.0370537    0.526985    0.645617   -0.492865   -0.668748  0.00799299  0.00423353   -0.015161  -0.0352772    -0.21123    0.306263   0.0319258
(NM) 4120: f = 275320 at 1.83425e-05     0.35961    0.401836     2.25579  -0.0367716  -0.0417042  -0.0247517  -0.0756012  -0.0602557  -0.0703082  -0.0286286  -0.0179344   -0.056527  -0.0602172 -0.00327068  -0.0092304   -0.012283  -0.0591565   0.0370537    0.526985    0.645617   -0.492865   -0.668748  0.00799299  0.00423353   -0.015161  -0.0352772    -0.21123    0.306263   0.0319258
(NM) 4140: f = 275320 at 1.83425e-05     0.35961    0.401836     2.25579  -0.0367716  -0.0417042  -0.0247517  -0.0756012  -0.0602557  -0.0703082  -0.0286286  -0.0179344   -0.056527  -0.0602172 -0.00327068  -0.0092304   -0.012283  -0.0591565   0.0370537    0.526985    0.645617   -0.492865   -0.668748  0.00799299  0.00423353   -0.015161  -0.0352772    -0.21123    0.306263   0.0319258
(NM) 4160: f = 275320 at 1.83456e-05     0.35961    0.401836     2.25579  -0.0367731  -0.0417026  -0.0247514  -0.0755995  -0.0602554  -0.0703092  -0.0286294  -0.0179358  -0.0565265  -0.0602156 -0.00326838 -0.00923039  -0.0122837  -0.0591563   0.0370537    0.526983    0.645616   -0.492865   -0.668748  0.00799254  0.00423322  -0.0151609  -0.0352771   -0.211226    0.306271   0.0319323
(NM) 4180: f = 275320 at 1.83456e-05     0.35961    0.401836     2.25579  -0.0367731  -0.0417026  -0.0247514  -0.0755995  -0.0602554  -0.0703092  -0.0286294  -0.0179358  -0.0565265  -0.0602156 -0.00326838 -0.00923039  -0.0122837  -0.0591563   0.0370537    0.526983    0.645616   -0.492865   -0.668748  0.00799254  0.00423322  -0.0151609  -0.0352771   -0.211226    0.306271   0.0319323
(NM) 4200: f = 275320 at 1.83441e-05     0.35961    0.401836     2.25579  -0.0367736  -0.0417045  -0.0247518  -0.0755997  -0.0602572   -0.070308   -0.028629  -0.0179358  -0.0565278  -0.0602139  -0.0032692 -0.00923023  -0.0122837  -0.0591564   0.0370536    0.526984    0.645615   -0.492865   -0.668748  0.00799259  0.00423356  -0.0151614  -0.0352778   -0.211225    0.306273    0.031933
(NM) 4220: f = 275320 at 1.83439e-05    0.359609    0.401836     2.25579  -0.0367726   -0.041705  -0.0247468  -0.0756004  -0.0602574  -0.0703087  -0.0286286  -0.0179346  -0.0565269  -0.0602137 -0.00326863 -0.00923121  -0.0122823  -0.0591565   0.0370537    0.526985    0.645619   -0.492868    -0.66875  0.00799242  0.00423252  -0.0151602  -0.0352779   -0.211232    0.306269    0.031941
(NM) 4240: f = 275320 at  1.8343e-05     0.35961    0.401836     2.25579  -0.0367737  -0.0417057  -0.0247519  -0.0755993  -0.0602562  -0.0703096  -0.0286279   -0.017936  -0.0565276   -0.060213 -0.00326936 -0.00922977  -0.0122825  -0.0591566   0.0370536    0.526985    0.645617   -0.492867   -0.668749  0.00799241  0.00423368   -0.015161  -0.0352785   -0.211231     0.30627   0.0319411
(NM) 4260: f = 275320 at 1.83466e-05     0.35961    0.401836     2.25579  -0.0367714  -0.0417023  -0.0247502  -0.0755996  -0.0602561  -0.0703083  -0.0286288  -0.0179367   -0.056525  -0.0602134 -0.00326792 -0.00922984  -0.0122813  -0.0591563   0.0370537    0.526983    0.645616   -0.492867   -0.668749  0.00799211  0.00423327  -0.0151623  -0.0352778   -0.211233    0.306268   0.0319294
Generalized linear mixed model fit by maximum likelihood (Laplace
  Approximation) [glmerMod]
 Family: poisson  ( log )
Formula: gs ~ year + field + d_div + o_div + game_length + (1 | offense) +  
    (1 | defense) + (1 | game_id)
   Data: g
      AIC       BIC    logLik  deviance  df.resid 
 275380.0  275645.3 -137660.0  275320.0     51164 
Random effects:
 Groups  Name        Std.Dev. 
 game_id (Intercept) 1.834e-05
 defense (Intercept) 3.596e-01
 offense (Intercept) 4.018e-01
Number of obs: 51194, groups:  game_id, 25597; defense, 3600; offense, 3600
Fixed Effects:
      (Intercept)           year2003           year2004           year2005  
         2.255793          -0.036773          -0.041705          -0.024748  
         year2006           year2007           year2008           year2009  
        -0.075599          -0.060256          -0.070308          -0.028629  
         year2010           year2011           year2012           year2013  
        -0.017936          -0.056526          -0.060214          -0.003269  
         year2014           year2015  fielddefense_home  fieldoffense_home  
        -0.009230          -0.012283          -0.059156           0.037054  
           d_div2             d_div3             o_div2             o_div3  
         0.526984           0.645616          -0.492867          -0.668749  
  game_length1 OT    game_length2 OT    game_length3 OT    game_length4 OT  
         0.007992           0.004234          -0.015162          -0.035278  
  game_length5 OT    game_length6 OT    game_length7 OT  
        -0.211232           0.306270           0.031935  
Generalized linear mixed model fit by maximum likelihood (Laplace
  Approximation) [glmerMod]
 Family: poisson  ( log )
Formula: gs ~ year + field + d_div + o_div + game_length + (1 | offense) +  
    (1 | defense) + (1 | game_id)
   Data: g

      AIC       BIC    logLik  deviance  df.resid 
 275380.0  275645.3 -137660.0  275320.0     51164 

Scaled residuals: 
    Min      1Q  Median      3Q     Max 
-4.3600 -0.6480 -0.0533  0.5634  4.3303 

Random effects:
 Groups  Name        Variance  Std.Dev. 
 game_id (Intercept) 3.365e-10 1.834e-05
 defense (Intercept) 1.293e-01 3.596e-01
 offense (Intercept) 1.615e-01 4.018e-01
Number of obs: 51194, groups:  game_id, 25597; defense, 3600; offense, 3600

Fixed effects:
                   Estimate Std. Error z value Pr(>|z|)    
(Intercept)        2.255793   0.042012   53.69  < 2e-16 ***
year2003          -0.036773   0.054085   -0.68    0.497    
year2004          -0.041705   0.053980   -0.77    0.440    
year2005          -0.024748   0.053636   -0.46    0.645    
year2006          -0.075599   0.053374   -1.42    0.157    
year2007          -0.060256   0.053039   -1.14    0.256    
year2008          -0.070308   0.052464   -1.34    0.180    
year2009          -0.028629   0.051959   -0.55    0.582    
year2010          -0.017936   0.051325   -0.35    0.727    
year2011          -0.056526   0.050611   -1.12    0.264    
year2012          -0.060214   0.050018   -1.20    0.229    
year2013          -0.003269   0.049240   -0.07    0.947    
year2014          -0.009230   0.048642   -0.19    0.849    
year2015          -0.012283   0.048411   -0.25    0.800    
fielddefense_home -0.059156   0.006289   -9.41  < 2e-16 ***
fieldoffense_home  0.037054   0.006239    5.94 2.86e-09 ***
d_div2             0.526984   0.047271   11.15  < 2e-16 ***
d_div3             0.645616   0.045815   14.09  < 2e-16 ***
o_div2            -0.492867   0.048304  -10.20  < 2e-16 ***
o_div3            -0.668749   0.046351  -14.43  < 2e-16 ***
game_length1 OT    0.007992   0.007452    1.07    0.284    
game_length2 OT    0.004234   0.012853    0.33    0.742    
game_length3 OT   -0.015162   0.023701   -0.64    0.522    
game_length4 OT   -0.035278   0.036045   -0.98    0.328    
game_length5 OT   -0.211232   0.271406   -0.78    0.436    
game_length6 OT    0.306270   0.239049    1.28    0.200    
game_length7 OT    0.031935   0.242598    0.13    0.895    
---
Signif. codes:  0 *** 0.001 ** 0.01 * 0.05 . 0.1   1
[1] TRUE
