[1] 2040    7
[1] TRUE
[1] 2040    6
start par. =  1 1 1 fn =  13485.31 
At return
eval:  75 fn:      10598.978 par: 2.90780e-08 0.0632846 0.0650725
(NM) 20: f = 10599 at 2.9078e-08  0.0632846  0.0650725    2.77008  -0.253141  -0.364129  -0.311011  -0.326461   -0.34029  -0.379653  -0.411871  -0.303841  -0.303828  -0.383394  -0.346353  0.0349045   0.105016  0.0394379
(NM) 40: f = 10599 at 2.9078e-08  0.0632846  0.0650725    2.77008  -0.253141  -0.364129  -0.311011  -0.326461   -0.34029  -0.379653  -0.411871  -0.303841  -0.303828  -0.383394  -0.346353  0.0349045   0.105016  0.0394379
(NM) 60: f = 10599 at 2.9078e-08  0.0632846  0.0650725    2.77008  -0.253141  -0.364129  -0.311011  -0.326461   -0.34029  -0.379653  -0.411871  -0.303841  -0.303828  -0.383394  -0.346353  0.0349045   0.105016  0.0394379
(NM) 80: f = 10599 at 2.9078e-08  0.0632846  0.0650725    2.77008  -0.253141  -0.364129  -0.311011  -0.326461   -0.34029  -0.379653  -0.411871  -0.303841  -0.303828  -0.383394  -0.346353  0.0349045   0.105016  0.0394379
(NM) 100: f = 10599 at 2.9078e-08  0.0632846  0.0650725    2.77008  -0.253141  -0.364129  -0.311011  -0.326461   -0.34029  -0.379653  -0.411871  -0.303841  -0.303828  -0.383394  -0.346353  0.0349045   0.105016  0.0394379
(NM) 120: f = 10599 at 0.000258216    0.062814    0.065794      2.7675   -0.253614   -0.364702    -0.31144   -0.326826   -0.340703   -0.380022   -0.412024   -0.302792   -0.302329   -0.382196   -0.345498   0.0356194    0.117747   0.0406517
(NM) 140: f = 10599 at 0.000346824   0.0633954   0.0652714     2.76727   -0.252183   -0.366431   -0.311403   -0.326994   -0.340727   -0.379117   -0.411512   -0.304857   -0.304774   -0.382224    -0.34532    0.035335    0.116673     0.04049
(NM) 160: f = 10598.9 at 0.000173248   0.0633512   0.0651662      2.7686   -0.253144   -0.364108    -0.31109   -0.326633   -0.340349     -0.3798    -0.41198   -0.304015   -0.303863   -0.383408   -0.346357   0.0351701    0.111246   0.0400011
(NM) 180: f = 10598.9 at 0.000173248   0.0633512   0.0651662      2.7686   -0.253144   -0.364108    -0.31109   -0.326633   -0.340349     -0.3798    -0.41198   -0.304015   -0.303863   -0.383408   -0.346357   0.0351701    0.111246   0.0400011
(NM) 200: f = 10598.9 at 0.000243229   0.0632619   0.0652863     2.76753   -0.252571   -0.364076   -0.310798    -0.32645   -0.340272   -0.379673   -0.411197   -0.304211   -0.302278   -0.383161   -0.346243   0.0355465    0.112504   0.0400094
(NM) 220: f = 10598.9 at 0.000220124   0.0633244   0.0649005      2.7673   -0.251938   -0.363906   -0.310064   -0.325971   -0.339915   -0.379658    -0.41078   -0.303185   -0.303094   -0.383736    -0.34661   0.0353787     0.10827   0.0396956
(NM) 240: f = 10598.9 at 0.000231915   0.0632119   0.0650071     2.76703   -0.252538   -0.363889   -0.310109   -0.325674   -0.339751   -0.379478   -0.411204   -0.302397   -0.303258   -0.382441   -0.345431    0.035191    0.108876     0.03979
(NM) 260: f = 10598.9 at 0.000251939   0.0633329   0.0649655     2.76655   -0.251839   -0.363117   -0.309831   -0.325341   -0.339235   -0.378888   -0.410375   -0.302381   -0.302718   -0.381909   -0.344913   0.0349439    0.105323   0.0393254
(NM) 280: f = 10598.9 at 0.000250787   0.0633306   0.0649686     2.76655   -0.251853   -0.363081   -0.309829   -0.325316   -0.339212   -0.378784   -0.410381   -0.302345   -0.302747   -0.381856   -0.344856   0.0349175    0.105208   0.0393073
(NM) 300: f = 10598.9 at 0.000216589   0.0632951   0.0650078     2.76714   -0.252248   -0.363333   -0.310135   -0.325485   -0.339539    -0.37832   -0.410954   -0.302671   -0.303382   -0.382497    -0.34545   0.0349063    0.106442   0.0394683
(NM) 320: f = 10598.9 at 0.000241336   0.0633159   0.0650135     2.76683   -0.252052   -0.363232   -0.310036   -0.325379   -0.339384    -0.37878   -0.410688   -0.302636   -0.302925   -0.382068   -0.345142   0.0349185    0.105595   0.0394385
(NM) 340: f = 10598.9 at 0.000251688   0.0633479     0.06509     2.76702   -0.252283   -0.363373   -0.310323   -0.325467   -0.339481    -0.37871   -0.411022   -0.302983   -0.302921   -0.382518   -0.345255   0.0349156    0.106121     0.03959
(NM) 360: f = 10598.9 at 0.000243845   0.0632975   0.0650986     2.76701   -0.252235   -0.363271   -0.310146   -0.325571   -0.339255   -0.378639   -0.411041   -0.303017   -0.302901   -0.382248   -0.345482   0.0349128    0.105452    0.039558
(NM) 380: f = 10598.9 at 0.000233414    0.063305   0.0650395     2.76696   -0.251988   -0.363108   -0.310014   -0.325419   -0.339249   -0.378674   -0.410905   -0.302843   -0.302805   -0.382124   -0.345275   0.0348857    0.104498   0.0393986
(NM) 400: f = 10598.9 at 0.000242189    0.063309   0.0650705     2.76695   -0.252059   -0.363183   -0.310095   -0.325509   -0.339399   -0.378731    -0.41092   -0.302925   -0.302746   -0.382211   -0.345216   0.0349357    0.105047   0.0394696
(NM) 420: f = 10598.9 at 0.000243241   0.0633113   0.0650789     2.76693   -0.252116   -0.363189   -0.309998   -0.325451   -0.339325   -0.378758   -0.410911   -0.302714   -0.302768   -0.382203   -0.345228   0.0348835    0.104916   0.0394501
(NM) 440: f = 10598.9 at 0.000241493   0.0633059   0.0650762     2.76695   -0.252079   -0.363177   -0.310067   -0.325479   -0.339352   -0.378708   -0.410936   -0.302876   -0.302752    -0.38223   -0.345232   0.0349145    0.105074   0.0394593
(NM) 460: f = 10598.9 at 0.000237606   0.0632966   0.0650696     2.76695   -0.252086   -0.363167   -0.310049   -0.325427   -0.339301   -0.378669    -0.41092   -0.302817   -0.302742   -0.382255   -0.345256    0.034893    0.105153   0.0394299
(NM) 480: f = 10598.9 at 0.000238545   0.0632925   0.0650793     2.76695   -0.252085   -0.363176   -0.310023   -0.325433   -0.339328   -0.378693   -0.410934   -0.302818   -0.302784   -0.382256   -0.345205   0.0348949    0.105164   0.0394467
(NM) 500: f = 10598.9 at 0.00024103  0.0632917  0.0650794    2.76692  -0.252037  -0.363165  -0.310003  -0.325439  -0.339311  -0.378677  -0.410912  -0.302789  -0.302761  -0.382262  -0.345239  0.0349036   0.105061  0.0394473
(NM) 520: f = 10598.9 at 0.000241209   0.0632949   0.0650822     2.76692    -0.25206   -0.363154    -0.30999   -0.325457   -0.339303   -0.378703   -0.410925   -0.302767   -0.302767   -0.382234   -0.345191   0.0349026    0.105129   0.0394456
(NM) 540: f = 10598.9 at 0.000240039   0.0632937   0.0650799     2.76692   -0.252048   -0.363145   -0.309992   -0.325442   -0.339294   -0.378687   -0.410912   -0.302785   -0.302776   -0.382257   -0.345222   0.0349017    0.105174   0.0394381
(NM) 560: f = 10598.9 at 0.000239207   0.0632894   0.0650785     2.76692   -0.252046   -0.363143   -0.309996   -0.325443    -0.33929   -0.378672   -0.410919   -0.302786   -0.302754   -0.382247   -0.345201   0.0349038    0.105178   0.0394367
(NM) 580: f = 10598.9 at 0.00024022  0.0632914  0.0650827    2.76692  -0.252058  -0.363143  -0.309988   -0.32544  -0.339297  -0.378678  -0.410909   -0.30277  -0.302758  -0.382254  -0.345211  0.0349017   0.105165  0.0394439
(NM) 600: f = 10598.9 at 0.000239833     0.06329   0.0650814     2.76691   -0.252039   -0.363129   -0.309984   -0.325432   -0.339282    -0.37867   -0.410903   -0.302758   -0.302749   -0.382232   -0.345195   0.0349037    0.105076   0.0394365
(NM) 620: f = 10598.9 at 0.000239311   0.0632904     0.06508     2.76691   -0.252039   -0.363118   -0.309976   -0.325425   -0.339286    -0.37867   -0.410893   -0.302758   -0.302742   -0.382238   -0.345189   0.0348996    0.105086   0.0394353
(NM) 640: f = 10598.9 at 0.000239402   0.0632897    0.065081     2.76689   -0.252025   -0.363102   -0.309974   -0.325424   -0.339267   -0.378658   -0.410884   -0.302744   -0.302724    -0.38222   -0.345161    0.034901    0.105076   0.0394337
(NM) 660: f = 10598.9 at 0.000239415   0.0632921   0.0650807     2.76688   -0.252012    -0.36308   -0.309956   -0.325413   -0.339243   -0.378639   -0.410866   -0.302712   -0.302712   -0.382215    -0.34516   0.0348981     0.10504   0.0394359
(NM) 680: f = 10598.9 at 0.000239134   0.0632901   0.0650816     2.76686   -0.251996   -0.363062   -0.309945   -0.325381   -0.339233   -0.378618   -0.410844   -0.302687   -0.302693   -0.382211   -0.345132   0.0348955    0.104996   0.0394409
(NM) 700: f = 10598.9 at 0.000239105   0.0632896   0.0650817     2.76685   -0.251978   -0.363058   -0.309928   -0.325377   -0.339224   -0.378609   -0.410831    -0.30268   -0.302679   -0.382201   -0.345137    0.034896    0.104936   0.0394395
(NM) 720: f = 10598.9 at 0.000238951   0.0632928   0.0650795     2.76684    -0.25198   -0.363044   -0.309932   -0.325378   -0.339216   -0.378607   -0.410822   -0.302674   -0.302669   -0.382204    -0.34513   0.0348977    0.104991   0.0394461
(NM) 740: f = 10598.9 at 0.00023883  0.0632908  0.0650788    2.76684  -0.251977  -0.363048  -0.309924  -0.325393  -0.339222  -0.378615  -0.410833  -0.302682  -0.302673  -0.382193  -0.345134  0.0349008   0.105049  0.0394441
(NM) 760: f = 10598.9 at 0.000238162   0.0632875   0.0650813     2.76683   -0.251947   -0.363046   -0.309907   -0.325353   -0.339219   -0.378603    -0.41081   -0.302679    -0.30265   -0.382173   -0.345108   0.0349033    0.105058   0.0394467
(NM) 780: f = 10598.9 at 0.00023697   0.063289  0.0650759    2.76679   -0.25191  -0.362999  -0.309869  -0.325327  -0.339171  -0.378553   -0.41076  -0.302631  -0.302604  -0.382152  -0.345086  0.0349003   0.105069  0.0394561
(NM) 800: f = 10598.9 at 0.000235008   0.0632903   0.0650748     2.76673    -0.25185   -0.362929   -0.309817    -0.32526   -0.339104   -0.378491   -0.410688    -0.30255    -0.30254   -0.382083   -0.344998    0.034905    0.105013   0.0394556
(NM) 820: f = 10598.9 at 0.000233989   0.0632924   0.0650709     2.76668   -0.251809   -0.362898   -0.309769   -0.325221   -0.339056   -0.378444   -0.410625   -0.302513   -0.302493   -0.382021    -0.34495   0.0349036    0.105063   0.0394667
(NM) 840: f = 10598.9 at 0.000233626   0.0632888   0.0650745     2.76666   -0.251807   -0.362895   -0.309738   -0.325205    -0.33904   -0.378435    -0.41062   -0.302502   -0.302471   -0.381976   -0.344926   0.0349035    0.105057    0.039457
(NM) 860: f = 10598.9 at 0.000231401   0.0632822   0.0650738     2.76657   -0.251705   -0.362806   -0.309647   -0.325108   -0.338943   -0.378339   -0.410527   -0.302422   -0.302387   -0.381908   -0.344861   0.0349025     0.10508    0.039465
(NM) 880: f = 10598.9 at 0.000231354   0.0632835   0.0650743     2.76657     -0.2517   -0.362785   -0.309656   -0.325121   -0.338944   -0.378347   -0.410535   -0.302413    -0.30238   -0.381911    -0.34485   0.0349103    0.105087   0.0394582
(NM) 900: f = 10598.9 at 0.000229742   0.0632789   0.0650783     2.76649   -0.251636   -0.362717   -0.309582   -0.325002   -0.338861   -0.378253   -0.410458    -0.30233   -0.302315    -0.38182   -0.344763   0.0349023    0.105074   0.0394537
(NM) 920: f = 10598.9 at 0.000227256   0.0632774   0.0650761     2.76637   -0.251524   -0.362614    -0.30947   -0.324891   -0.338744   -0.378134   -0.410333   -0.302232    -0.30219   -0.381712   -0.344657   0.0349043    0.105134   0.0394547
(NM) 940: f = 10598.9 at 0.000228773   0.0632802   0.0650805     2.76641   -0.251563   -0.362636   -0.309515    -0.32492   -0.338789   -0.378187   -0.410382   -0.302268   -0.302247   -0.381775   -0.344682   0.0349055     0.10513    0.039443
(NM) 960: f = 10598.9 at 0.000228397   0.0632853   0.0650787     2.76636   -0.251526   -0.362589   -0.309473   -0.324877   -0.338735   -0.378142    -0.41033   -0.302203   -0.302197   -0.381722   -0.344646   0.0349065    0.105129   0.0394572
(NM) 980: f = 10598.9 at 0.00022928  0.0632868  0.0650795    2.76641  -0.251563  -0.362637  -0.309505  -0.324918  -0.338784  -0.378194  -0.410382   -0.30225  -0.302249   -0.38176  -0.344679  0.0349081   0.105158  0.0394442
(NM) 1000: f = 10598.9 at 0.00022928  0.0632868  0.0650795    2.76641  -0.251563  -0.362637  -0.309505  -0.324918  -0.338784  -0.378194  -0.410382   -0.30225  -0.302249   -0.38176  -0.344679  0.0349081   0.105158  0.0394442
(NM) 1020: f = 10598.9 at 0.000228045    0.063289   0.0650759     2.76635   -0.251503   -0.362581   -0.309438   -0.324864   -0.338718   -0.378136   -0.410315   -0.302196   -0.302191   -0.381699   -0.344637   0.0349082    0.105184   0.0394433
(NM) 1040: f = 10598.9 at 0.00022751  0.0632888  0.0650769    2.76634  -0.251487  -0.362561  -0.309423  -0.324846  -0.338695  -0.378114  -0.410301  -0.302181  -0.302179   -0.38168  -0.344608  0.0349072   0.105152   0.039438
(NM) 1060: f = 10598.9 at 0.000227684   0.0632894   0.0650751     2.76635    -0.25149   -0.362571   -0.309429   -0.324863   -0.338716   -0.378128   -0.410312   -0.302187   -0.302188   -0.381699   -0.344632   0.0349077    0.105128   0.0394444
(NM) 1080: f = 10598.9 at 0.000226862   0.0632905   0.0650753      2.7663   -0.251448   -0.362524   -0.309379    -0.32481    -0.33866   -0.378081   -0.410273   -0.302145    -0.30215   -0.381648    -0.34459   0.0349066    0.105192    0.039434
(NM) 1100: f = 10598.9 at 0.000227153   0.0632886   0.0650755     2.76631   -0.251454   -0.362542   -0.309385   -0.324834   -0.338675    -0.37809    -0.41028   -0.302158   -0.302153   -0.381648   -0.344595   0.0349087    0.105118   0.0394414
(NM) 1120: f = 10598.9 at 0.000227238   0.0632888   0.0650755     2.76631   -0.251455   -0.362543   -0.309386   -0.324838   -0.338678   -0.378093   -0.410283    -0.30216   -0.302155    -0.38165   -0.344598   0.0349084    0.105112   0.0394416
(NM) 1140: f = 10598.9 at 0.000226953   0.0632885   0.0650756      2.7663   -0.251444    -0.36253   -0.309374   -0.324823   -0.338668   -0.378087    -0.41028   -0.302154   -0.302147   -0.381639    -0.34459   0.0349078    0.105136   0.0394374
(NM) 1160: f = 10598.9 at 0.000227132   0.0632877   0.0650761      2.7663   -0.251444   -0.362525   -0.309375   -0.324825   -0.338666   -0.378081   -0.410279   -0.302146   -0.302143   -0.381637   -0.344588   0.0349072    0.105107   0.0394422
(NM) 1180: f = 10598.9 at 0.000227025   0.0632895   0.0650772     2.76628   -0.251423     -0.3625   -0.309355   -0.324799   -0.338646   -0.378067   -0.410263   -0.302123   -0.302125   -0.381621   -0.344569   0.0349081    0.105121   0.0394403
(NM) 1200: f = 10598.9 at 0.000226647   0.0632881   0.0650768     2.76628   -0.251418   -0.362494   -0.309348   -0.324799   -0.338644   -0.378061   -0.410258   -0.302122   -0.302123   -0.381615   -0.344563   0.0349067    0.105089   0.0394411
(NM) 1220: f = 10598.9 at 0.00022697  0.0632874  0.0650767    2.76629  -0.251433  -0.362514  -0.309363  -0.324815   -0.33866  -0.378072  -0.410274  -0.302137  -0.302135  -0.381629  -0.344583  0.0349066   0.105099  0.0394423
(NM) 1240: f = 10598.9 at 0.000227207   0.0632892   0.0650773      2.7663   -0.251444    -0.36252   -0.309376   -0.324817   -0.338667   -0.378084   -0.410279   -0.302146   -0.302147   -0.381643   -0.344587   0.0349066     0.10512   0.0394397
(NM) 1260: f = 10598.9 at 0.00022679  0.0632875  0.0650768    2.76629  -0.251433  -0.362513  -0.309367  -0.324811  -0.338659  -0.378071  -0.410272  -0.302137  -0.302135  -0.381629  -0.344575   0.034907   0.105118  0.0394432
(NM) 1280: f = 10598.9 at 0.00022691  0.0632872  0.0650778    2.76629  -0.251435  -0.362512  -0.309371  -0.324809  -0.338663  -0.378073  -0.410279  -0.302138  -0.302138   -0.38163  -0.344579  0.0349058    0.10513  0.0394452
(NM) 1300: f = 10598.9 at 0.000226621   0.0632894   0.0650773     2.76628   -0.251419   -0.362493   -0.309357   -0.324793   -0.338648   -0.378055   -0.410265   -0.302119   -0.302128   -0.381613    -0.34456    0.034906    0.105135   0.0394444
(NM) 1320: f = 10598.9 at 0.000227023   0.0632895   0.0650774     2.76631   -0.251441   -0.362522   -0.309383   -0.324818    -0.33868   -0.378079   -0.410295   -0.302148   -0.302158   -0.381646   -0.344595   0.0349049    0.105174   0.0394481
(NM) 1340: f = 10598.9 at 0.000227044   0.0632901   0.0650771      2.7663   -0.251434   -0.362513    -0.30937   -0.324817   -0.338669   -0.378073   -0.410286    -0.30214   -0.302148   -0.381631   -0.344585   0.0349047    0.105127   0.0394451
(NM) 1360: f = 10598.9 at 0.000226999   0.0632904   0.0650772     2.76629   -0.251423   -0.362504   -0.309362   -0.324807   -0.338662   -0.378066   -0.410278   -0.302129   -0.302137   -0.381622   -0.344577   0.0349058    0.105138   0.0394467
(NM) 1380: f = 10598.9 at 0.000226903   0.0632901   0.0650776     2.76629    -0.25143   -0.362511   -0.309371   -0.324809   -0.338669   -0.378065   -0.410284   -0.302136   -0.302146   -0.381624   -0.344579   0.0349047    0.105158   0.0394484
(NM) 1400: f = 10598.9 at 0.000226671   0.0632902   0.0650775     2.76628   -0.251413   -0.362492    -0.30935   -0.324797   -0.338652   -0.378054   -0.410269   -0.302123   -0.302128   -0.381608   -0.344564   0.0349043    0.105143   0.0394463
(NM) 1420: f = 10598.9 at 0.000227038   0.0632912   0.0650771      2.7663   -0.251434   -0.362515   -0.309375   -0.324815   -0.338672   -0.378074   -0.410286   -0.302144    -0.30215   -0.381629   -0.344583   0.0349042     0.10516   0.0394462
(NM) 1440: f = 10598.9 at 0.00022703  0.0632913  0.0650772     2.7663  -0.251431   -0.36251   -0.30937  -0.324811  -0.338667  -0.378072  -0.410283  -0.302141  -0.302145  -0.381626   -0.34458  0.0349038   0.105164  0.0394439
(NM) 1460: f = 10598.9 at 0.000226858   0.0632917   0.0650769     2.76629   -0.251423   -0.362503   -0.309364   -0.324805   -0.338663   -0.378063   -0.410277   -0.302138   -0.302139   -0.381616   -0.344574    0.034902    0.105176   0.0394461
(NM) 1480: f = 10598.9 at 0.000227081    0.063292   0.0650775     2.76629   -0.251427   -0.362509   -0.309368   -0.324808   -0.338667    -0.37807   -0.410281   -0.302142    -0.30214   -0.381617   -0.344575   0.0349029    0.105185    0.039445
(NM) 1500: f = 10598.9 at 0.00022704  0.0632919   0.065077     2.7663   -0.25143  -0.362513  -0.309372  -0.324813  -0.338669  -0.378072  -0.410283  -0.302148  -0.302141   -0.38162  -0.344577  0.0349024   0.105194  0.0394461
(NM) 1520: f = 10598.9 at 0.00022704  0.0632919   0.065077     2.7663   -0.25143  -0.362513  -0.309372  -0.324813  -0.338669  -0.378072  -0.410283  -0.302148  -0.302141   -0.38162  -0.344577  0.0349024   0.105194  0.0394461
(NM) 1540: f = 10598.9 at 0.000226968    0.063291   0.0650776     2.76629   -0.251425    -0.36251   -0.309367    -0.32481   -0.338667   -0.378069   -0.410282   -0.302146   -0.302138   -0.381619   -0.344577   0.0349023    0.105184   0.0394457
(NM) 1560: f = 10598.9 at 0.000227269   0.0632921   0.0650777      2.7663   -0.251434   -0.362521   -0.309379    -0.32482   -0.338675   -0.378075   -0.410289   -0.302153   -0.302142   -0.381627   -0.344584   0.0349014    0.105184   0.0394465
(NM) 1580: f = 10598.9 at 0.000227363   0.0632913   0.0650787      2.7663   -0.251429   -0.362519   -0.309374   -0.324818   -0.338672   -0.378076   -0.410287   -0.302151   -0.302137   -0.381626   -0.344582   0.0349034    0.105169    0.039446
(NM) 1600: f = 10598.9 at 0.000227531   0.0632915   0.0650794      2.7663   -0.251434   -0.362523    -0.30938   -0.324821   -0.338676   -0.378079   -0.410294   -0.302154   -0.302142   -0.381633   -0.344587   0.0349024    0.105169   0.0394455
(NM) 1620: f = 10598.9 at 0.000227416   0.0632915   0.0650799      2.7663   -0.251426   -0.362515   -0.309375   -0.324814   -0.338672   -0.378072   -0.410291   -0.302148   -0.302134   -0.381629   -0.344583   0.0349022    0.105168   0.0394459
(NM) 1640: f = 10598.9 at 0.000227497   0.0632917   0.0650801      2.7663   -0.251428   -0.362517   -0.309377   -0.324816   -0.338674   -0.378073   -0.410293    -0.30215   -0.302135   -0.381632   -0.344584   0.0349021    0.105167    0.039446
Generalized linear mixed model fit by maximum likelihood (Laplace
  Approximation) [glmerMod]
 Family: poisson  ( log )
Formula: gs ~ year + field + game_length + (1 | offense) + (1 | defense) +  
    (1 | game_id)
   Data: g
      AIC       BIC    logLik  deviance  df.resid 
10634.937 10736.110 -5299.469 10598.937      2022 
Random effects:
 Groups  Name        Std.Dev. 
 game_id (Intercept) 0.0002277
 defense (Intercept) 0.0632925
 offense (Intercept) 0.0650794
Number of obs: 2040, groups:  game_id, 1020; defense, 119; offense, 119
Fixed Effects:
      (Intercept)           year2005           year2006           year2007  
          2.76631           -0.25144           -0.36252           -0.30938  
         year2008           year2009           year2010           year2011  
         -0.32483           -0.33868           -0.37808           -0.41030  
         year2012           year2013           year2014           year2015  
         -0.30216           -0.30214           -0.38164           -0.34459  
fieldoffense_home     game_length2OT      game_lengthOT  
          0.03490            0.10516            0.03945  
Generalized linear mixed model fit by maximum likelihood (Laplace
  Approximation) [glmerMod]
 Family: poisson  ( log )
Formula: gs ~ year + field + game_length + (1 | offense) + (1 | defense) +  
    (1 | game_id)
   Data: g

     AIC      BIC   logLik deviance df.resid 
 10634.9  10736.1  -5299.5  10598.9     2022 

Scaled residuals: 
    Min      1Q  Median      3Q     Max 
-3.1061 -0.6159 -0.0264  0.5429  3.1831 

Random effects:
 Groups  Name        Variance  Std.Dev. 
 game_id (Intercept) 5.185e-08 0.0002277
 defense (Intercept) 4.006e-03 0.0632925
 offense (Intercept) 4.235e-03 0.0650794
Number of obs: 2040, groups:  game_id, 1020; defense, 119; offense, 119

Fixed effects:
                  Estimate Std. Error z value Pr(>|z|)    
(Intercept)        2.76631    0.13225  20.917  < 2e-16 ***
year2005          -0.25144    0.13691  -1.837  0.06628 .  
year2006          -0.36252    0.13664  -2.653  0.00798 ** 
year2007          -0.30938    0.13588  -2.277  0.02279 *  
year2008          -0.32483    0.13622  -2.385  0.01710 *  
year2009          -0.33868    0.13623  -2.486  0.01291 *  
year2010          -0.37808    0.13669  -2.766  0.00567 ** 
year2011          -0.41030    0.13717  -2.991  0.00278 ** 
year2012          -0.30216    0.13746  -2.198  0.02794 *  
year2013          -0.30214    0.13746  -2.198  0.02794 *  
year2014          -0.38164    0.13735  -2.779  0.00546 ** 
year2015          -0.34459    0.13733  -2.509  0.01210 *  
fieldoffense_home  0.03490    0.01300   2.685  0.00725 ** 
game_length2OT     0.10516    0.21445   0.490  0.62388    
game_lengthOT      0.03945    0.02069   1.907  0.05657 .  
---
Signif. codes:  0 ‘***’ 0.001 ‘**’ 0.01 ‘*’ 0.05 ‘.’ 0.1 ‘ ’ 1

Correlation of Fixed Effects:
            (Intr) yr2005 yr2006 yr2007 yr2008 yr2009 yr2010 yr2011 yr2012
year2005    -0.964                                                        
year2006    -0.965  0.933                                                 
year2007    -0.971  0.938  0.940                                          
year2008    -0.968  0.936  0.938  0.943                                   
year2009    -0.968  0.936  0.938  0.943  0.941                            
year2010    -0.965  0.933  0.935  0.940  0.938  0.937                     
year2011    -0.962  0.930  0.931  0.936  0.934  0.934  0.931              
year2012    -0.960  0.927  0.929  0.934  0.932  0.932  0.929  0.926       
year2013    -0.960  0.927  0.929  0.934  0.932  0.932  0.929  0.926  0.924
year2014    -0.960  0.928  0.930  0.935  0.933  0.933  0.930  0.927  0.924
year2015    -0.961  0.928  0.930  0.935  0.933  0.933  0.930  0.927  0.925
fildffns_hm -0.049 -0.001 -0.001 -0.001 -0.001 -0.001 -0.001 -0.001 -0.001
gm_lngth2OT  0.000  0.000  0.000  0.000  0.000  0.000 -0.017  0.000  0.000
gam_lngthOT  0.000 -0.018 -0.021 -0.011 -0.020 -0.014 -0.022 -0.023 -0.016
            yr2013 yr2014 yr2015 fldff_ gm_2OT
year2005                                      
year2006                                      
year2007                                      
year2008                                      
year2009                                      
year2010                                      
year2011                                      
year2012                                      
year2013                                      
year2014     0.924                            
year2015     0.925  0.925                     
fildffns_hm -0.001 -0.001 -0.001              
gm_lngth2OT  0.000  0.000  0.000 -0.001       
gam_lngthOT -0.012 -0.018 -0.019  0.001  0.010
[1] TRUE
