[1] 11174     9
[1] FALSE
[1] 11174     9
start par. =  1 1 fn =  61656.99 
At return
eval:  46 fn:      59764.670 par: 0.437557 0.433121
(NM) 20: f = 59764.7 at   0.437557   0.433121 -0.0590538  0.0779537  0.0809127  0.0486264  0.0669157  0.0516917 -0.0925912  0.0601628   0.504387   0.775289  -0.496136  -0.750985
(NM) 40: f = 59764.7 at   0.437557   0.433121 -0.0590538  0.0779537  0.0809127  0.0486264  0.0669157  0.0516917 -0.0925912  0.0601628   0.504387   0.775289  -0.496136  -0.750985
(NM) 60: f = 59764.7 at   0.437557   0.433121 -0.0590538  0.0779537  0.0809127  0.0486264  0.0669157  0.0516917 -0.0925912  0.0601628   0.504387   0.775289  -0.496136  -0.750985
(NM) 80: f = 59764.7 at   0.437557   0.433121 -0.0590538  0.0779537  0.0809127  0.0486264  0.0669157  0.0516917 -0.0925912  0.0601628   0.504387   0.775289  -0.496136  -0.750985
(NM) 100: f = 59764.7 at   0.437557   0.433121 -0.0590538  0.0779537  0.0809127  0.0486264  0.0669157  0.0516917 -0.0925912  0.0601628   0.504387   0.775289  -0.496136  -0.750985
(NM) 120: f = 59764.7 at   0.437557   0.433121 -0.0590538  0.0779537  0.0809127  0.0486264  0.0669157  0.0516917 -0.0925912  0.0601628   0.504387   0.775289  -0.496136  -0.750985
(NM) 140: f = 59764.7 at  0.437998  0.432893 -0.060521 0.0794684 0.0822126 0.0501346 0.0687978 0.0529808 -0.092689 0.0611325   0.50253  0.774366 -0.494325 -0.750264
(NM) 160: f = 59764.7 at   0.437479   0.433044 -0.0607788  0.0789258  0.0828263  0.0500527  0.0686239  0.0527699 -0.0924884  0.0610358   0.503199   0.776093   -0.49398  -0.751015
(NM) 180: f = 59764.7 at   0.437543   0.433078 -0.0605869  0.0789784  0.0830388  0.0499575  0.0686223  0.0539145 -0.0927117   0.060714   0.503087   0.774989  -0.494742  -0.750647
(NM) 200: f = 59764.7 at   0.437589   0.433159 -0.0605326  0.0799222  0.0829155  0.0504332  0.0690507  0.0533577 -0.0928628  0.0608841   0.502473   0.775271   -0.49448  -0.750999
(NM) 220: f = 59764.7 at   0.437531   0.433065 -0.0606779  0.0791889  0.0828365  0.0501049  0.0686672  0.0529941 -0.0925975   0.060936   0.502923   0.775659  -0.494376  -0.750912
(NM) 240: f = 59764.7 at   0.437537   0.433139 -0.0607112   0.079825   0.082487  0.0500203  0.0686701  0.0533062 -0.0928313  0.0608525   0.503025   0.775693  -0.494501  -0.751076
(NM) 260: f = 59764.7 at   0.437626   0.433122 -0.0605142  0.0798052  0.0827419  0.0501215  0.0685173  0.0531671 -0.0928184  0.0607424   0.502889   0.775753  -0.494506   -0.75117
(NM) 280: f = 59764.7 at   0.437625   0.433125 -0.0604946  0.0798101  0.0826926  0.0501228  0.0685123  0.0531709 -0.0928146  0.0607471   0.502872   0.775775  -0.494497  -0.751206
(NM) 300: f = 59764.7 at    0.43756   0.433146 -0.0604663  0.0796864  0.0826529  0.0501923  0.0684803  0.0530228 -0.0928404  0.0607941   0.502589   0.776004  -0.494364  -0.751359
(NM) 320: f = 59764.7 at   0.437578    0.43315 -0.0604426   0.079748  0.0825724  0.0500171  0.0684163  0.0530594 -0.0928843  0.0607275   0.502676   0.775923  -0.494319   -0.75132
(NM) 340: f = 59764.7 at   0.437558   0.433149 -0.0602756  0.0794781  0.0824001  0.0498606   0.068233  0.0529709  -0.092896  0.0606875   0.502713   0.776208   -0.49436  -0.751511
(NM) 360: f = 59764.7 at   0.437581   0.433134 -0.0600372  0.0791805  0.0821586  0.0495446  0.0679736  0.0526217 -0.0928907  0.0606674    0.50294   0.776443  -0.494351  -0.751622
(NM) 380: f = 59764.7 at   0.437578   0.433128 -0.0600348  0.0791409  0.0820939  0.0495931  0.0680856  0.0526086 -0.0928847   0.060706   0.502937   0.776228  -0.494502   -0.75152
(NM) 400: f = 59764.7 at   0.437562   0.433115 -0.0599453   0.079158  0.0820404   0.049423  0.0678692  0.0523801 -0.0928787  0.0607222   0.502806   0.776286  -0.494434  -0.751476
(NM) 420: f = 59764.7 at   0.437569    0.43312 -0.0598321   0.078845  0.0818137  0.0492517  0.0677689  0.0522353 -0.0929052  0.0607211   0.503021   0.776467  -0.494539  -0.751654
(NM) 440: f = 59764.7 at   0.437569    0.43312 -0.0598321   0.078845  0.0818137  0.0492517  0.0677689  0.0522353 -0.0929052  0.0607211   0.503021   0.776467  -0.494539  -0.751654
(NM) 460: f = 59764.7 at   0.437552   0.433108 -0.0598155  0.0789561  0.0818099  0.0492628   0.067738  0.0522106 -0.0928767  0.0607374    0.50304   0.776394  -0.494611   -0.75161
(NM) 480: f = 59764.7 at   0.437558   0.433112 -0.0597154  0.0788948  0.0817813  0.0491358  0.0676278  0.0521847 -0.0928995  0.0607046   0.503081   0.776507  -0.494569  -0.751729
(NM) 500: f = 59764.7 at   0.437552   0.433107 -0.0596542  0.0786935  0.0816701  0.0490426   0.067539  0.0520992 -0.0928937  0.0607325   0.503202   0.776541  -0.494709  -0.751742
(NM) 520: f = 59764.7 at   0.437552   0.433107 -0.0596542  0.0786935  0.0816701  0.0490426   0.067539  0.0520992 -0.0928937  0.0607325   0.503202   0.776541  -0.494709  -0.751742
(NM) 540: f = 59764.7 at   0.437542   0.433109 -0.0596511  0.0787672  0.0817027  0.0490843   0.067546   0.052128 -0.0929143  0.0607265   0.503239   0.776534  -0.494732  -0.751791
(NM) 560: f = 59764.7 at   0.437553   0.433113 -0.0596064  0.0787863  0.0816817  0.0490344  0.0675183  0.0521149 -0.0929243  0.0607243   0.503297   0.776576  -0.494763  -0.751831
(NM) 580: f = 59764.7 at   0.437548   0.433115 -0.0596306  0.0787837  0.0817124  0.0490516  0.0675442   0.052131 -0.0929124  0.0607277   0.503247    0.77655  -0.494765  -0.751802
(NM) 600: f = 59764.7 at   0.437551    0.43311 -0.0596044  0.0787552   0.081673  0.0490363  0.0675245  0.0520801  -0.092911  0.0607299   0.503277   0.776571  -0.494759  -0.751813
(NM) 620: f = 59764.7 at   0.437552   0.433112 -0.0595754  0.0787407  0.0816486  0.0489846  0.0674804  0.0520531 -0.0929164  0.0607271    0.50331   0.776616  -0.494788  -0.751843
(NM) 640: f = 59764.7 at   0.437549   0.433115 -0.0595667  0.0787609  0.0816539   0.048981  0.0674722  0.0520505 -0.0929196  0.0607244   0.503321   0.776632  -0.494801  -0.751869
(NM) 660: f = 59764.7 at    0.43755   0.433117 -0.0595812  0.0787859  0.0816618  0.0490008  0.0674907  0.0520567 -0.0929261  0.0607253   0.503327   0.776625  -0.494807  -0.751864
(NM) 680: f = 59764.7 at   0.437552   0.433118 -0.0595704   0.078708  0.0816315  0.0489719  0.0674689  0.0520453 -0.0929185  0.0607244   0.503352   0.776657  -0.494824  -0.751883
(NM) 700: f = 59764.7 at   0.437552   0.433125 -0.0595903  0.0787236  0.0816335  0.0489919   0.067475   0.052042 -0.0929152  0.0607289   0.503365   0.776681  -0.494838  -0.751895
(NM) 720: f = 59764.7 at   0.437553   0.433128 -0.0595191   0.078665  0.0815654  0.0489072  0.0673856  0.0519752 -0.0929194  0.0607245   0.503492    0.77679  -0.494927  -0.751986
(NM) 740: f = 59764.7 at   0.437552   0.433131 -0.0595773   0.078707  0.0816214  0.0489934  0.0674624  0.0520398 -0.0929237  0.0607219   0.503438   0.776741  -0.494888  -0.751966
(NM) 760: f = 59764.7 at   0.437555   0.433133 -0.0595418  0.0786741  0.0815682  0.0489451  0.0674123  0.0519962 -0.0929254  0.0607237   0.503508   0.776797  -0.494939     -0.752
(NM) 780: f = 59764.7 at   0.437555   0.433135 -0.0595714  0.0787047  0.0816038  0.0489821  0.0674455  0.0520216 -0.0929233  0.0607206   0.503474   0.776774  -0.494921  -0.751981
(NM) 800: f = 59764.7 at   0.437554   0.433134 -0.0595324  0.0786726  0.0815772  0.0489383  0.0674106  0.0519868 -0.0929169  0.0607232   0.503517   0.776808  -0.494966  -0.752011
(NM) 820: f = 59764.7 at    0.43755   0.433134 -0.0595379  0.0786804  0.0815957  0.0489628  0.0674174  0.0519988  -0.092915  0.0607171     0.5035   0.776795  -0.494965  -0.752008
(NM) 840: f = 59764.7 at   0.437552   0.433132 -0.0595378  0.0786672  0.0816143  0.0489789  0.0674418  0.0520234 -0.0929126  0.0607124   0.503492   0.776774  -0.494974  -0.752004
(NM) 860: f = 59764.7 at   0.437553   0.433134 -0.0595178  0.0786269  0.0815826  0.0489597  0.0674238  0.0519944 -0.0929105  0.0607085   0.503546   0.776833  -0.495019  -0.752052
(NM) 880: f = 59764.7 at   0.437553   0.433132 -0.0595303   0.078648  0.0815991  0.0489769   0.067441  0.0520066 -0.0929122  0.0607111   0.503507   0.776795  -0.494987   -0.75202
(NM) 900: f = 59764.7 at   0.437553    0.43313 -0.0595059  0.0786201  0.0815688   0.048959  0.0674205  0.0519751 -0.0929145  0.0607089   0.503542   0.776829  -0.495006  -0.752051
(NM) 920: f = 59764.7 at   0.437554   0.433132 -0.0594886  0.0786097  0.0815598   0.048938  0.0674111  0.0519709 -0.0929202  0.0607081   0.503584   0.776853  -0.495047   -0.75208
(NM) 940: f = 59764.7 at   0.437551   0.433129 -0.0594894  0.0786211  0.0815584  0.0489452  0.0674083  0.0519573 -0.0929219  0.0607073   0.503567   0.776848  -0.495032  -0.752071
(NM) 960: f = 59764.7 at   0.437552   0.433129 -0.0594889  0.0786137  0.0815629  0.0489462  0.0674166  0.0519682 -0.0929225  0.0607038   0.503565   0.776846  -0.495037  -0.752073
(NM) 980: f = 59764.7 at   0.437552   0.433129 -0.0594747  0.0785963  0.0815396  0.0489184  0.0673973   0.051949 -0.0929288  0.0607032   0.503597   0.776879  -0.495058  -0.752097
(NM) 1000: f = 59764.7 at   0.437551   0.433129 -0.0594662  0.0785928  0.0815288  0.0489059  0.0673864  0.0519387 -0.0929344   0.060702   0.503615   0.776892  -0.495075  -0.752109
(NM) 1020: f = 59764.7 at   0.437552   0.433131 -0.0594707  0.0785913  0.0815345  0.0489154  0.0673958  0.0519395  -0.092928  0.0607008   0.503612   0.776901  -0.495077  -0.752114
(NM) 1040: f = 59764.7 at   0.437552   0.433131 -0.0594713  0.0785886  0.0815446  0.0489123  0.0674037  0.0519495 -0.0929283  0.0606976   0.503623   0.776913  -0.495096  -0.752129
(NM) 1060: f = 59764.7 at   0.437551   0.433127 -0.0594752  0.0785891  0.0815398  0.0489233  0.0674037  0.0519405 -0.0929209  0.0607031   0.503606   0.776896  -0.495076  -0.752109
(NM) 1080: f = 59764.7 at   0.437549   0.433128 -0.0594702  0.0785902  0.0815354  0.0489138  0.0673967  0.0519282 -0.0929271  0.0606994   0.503638    0.77693  -0.495102  -0.752141
(NM) 1100: f = 59764.7 at   0.437547   0.433127 -0.0594728  0.0785828  0.0815404  0.0489137  0.0673966  0.0519222 -0.0929146  0.0607037   0.503658   0.776951  -0.495128  -0.752157
(NM) 1120: f = 59764.7 at   0.437544   0.433125 -0.0594921  0.0786107  0.0815643  0.0489317   0.067422  0.0519303 -0.0929125  0.0607027   0.503679   0.776971  -0.495165  -0.752179
(NM) 1140: f = 59764.7 at   0.437543   0.433122 -0.0594932  0.0786153  0.0815756  0.0489255  0.0674244  0.0519442 -0.0929174  0.0607025   0.503671   0.776962   -0.49515  -0.752176
(NM) 1160: f = 59764.7 at   0.437542   0.433128 -0.0595171  0.0786904  0.0816135    0.04894  0.0674473  0.0519627  -0.092927  0.0607035   0.503753    0.77702  -0.495221  -0.752243
(NM) 1180: f = 59764.7 at   0.437546    0.43313 -0.0594736  0.0786257  0.0815746  0.0489064  0.0674302  0.0519348 -0.0929225     0.0607   0.503865   0.777096  -0.495333  -0.752321
(NM) 1200: f = 59764.7 at   0.437538   0.433129 -0.0595062  0.0786997  0.0816108  0.0489284  0.0674476  0.0519443 -0.0929288  0.0607071   0.503969   0.777161  -0.495414  -0.752398
(NM) 1220: f = 59764.7 at   0.437541   0.433132 -0.0594804  0.0786693  0.0815955  0.0489065  0.0674522  0.0519285 -0.0929309  0.0606978   0.504065   0.777249  -0.495519  -0.752486
(NM) 1240: f = 59764.7 at   0.437542   0.433133 -0.0594817  0.0786627  0.0815842  0.0489138  0.0674487  0.0519105 -0.0929191  0.0607007   0.504056   0.777255  -0.495511  -0.752478
(NM) 1260: f = 59764.7 at   0.437543   0.433131 -0.0594792  0.0786771  0.0815902  0.0488859  0.0674707  0.0519179 -0.0929336  0.0606924   0.504174   0.777362  -0.495627  -0.752585
(NM) 1280: f = 59764.7 at   0.437543   0.433131 -0.0595158  0.0787292  0.0816276  0.0489334  0.0675051  0.0519453  -0.092923  0.0607001   0.504147   0.777324  -0.495609  -0.752552
(NM) 1300: f = 59764.7 at   0.437542   0.433123 -0.0595252  0.0787364  0.0816207  0.0489368  0.0675157   0.051945 -0.0929287  0.0607009    0.50413   0.777318  -0.495584  -0.752542
(NM) 1320: f = 59764.7 at   0.437544   0.433121 -0.0595517  0.0787545   0.081646  0.0489621   0.067536  0.0519773 -0.0929187  0.0607045   0.504042   0.777246  -0.495509  -0.752469
(NM) 1340: f = 59764.7 at   0.437544   0.433121 -0.0595517  0.0787545   0.081646  0.0489621   0.067536  0.0519773 -0.0929187  0.0607045   0.504042   0.777246  -0.495509  -0.752469
(NM) 1360: f = 59764.7 at   0.437547   0.433123 -0.0595466  0.0787545   0.081633  0.0489579  0.0675311  0.0519773 -0.0929262  0.0607028   0.504036   0.777237  -0.495497  -0.752459
(NM) 1380: f = 59764.7 at   0.437546   0.433126 -0.0595566  0.0787711  0.0816341  0.0489642  0.0675195  0.0519768 -0.0929204  0.0607085   0.504019   0.777225  -0.495465  -0.752442
(NM) 1400: f = 59764.7 at   0.437551   0.433125 -0.0595923  0.0788082  0.0816506  0.0489886  0.0675552   0.052012 -0.0929186  0.0607091   0.503976     0.7772  -0.495426  -0.752408
(NM) 1420: f = 59764.7 at   0.437549   0.433132 -0.0595848   0.078818  0.0816407  0.0489704  0.0675351  0.0519843 -0.0929129  0.0607125   0.504106   0.777312  -0.495531  -0.752512
(NM) 1440: f = 59764.7 at    0.43755   0.433129 -0.0596265  0.0788533   0.081665  0.0489914  0.0675706  0.0520351 -0.0929143  0.0607153   0.504074   0.777279  -0.495505  -0.752477
(NM) 1460: f = 59764.7 at   0.437546   0.433127  -0.059636   0.078832  0.0816644  0.0489823  0.0675652  0.0520355 -0.0928967  0.0607189   0.504097   0.777317  -0.495522  -0.752502
(NM) 1480: f = 59764.7 at   0.437547   0.433132 -0.0596089   0.078813  0.0816347  0.0489458   0.067547  0.0520105 -0.0929104  0.0607134   0.504219   0.777415   -0.49563  -0.752598
(NM) 1500: f = 59764.7 at   0.437546   0.433127 -0.0596377  0.0788153  0.0816535    0.04897  0.0675701  0.0520365 -0.0928913  0.0607191   0.504177   0.777385  -0.495599  -0.752563
(NM) 1520: f = 59764.7 at   0.437545    0.43313 -0.0596159  0.0788111    0.08164  0.0489602  0.0675473  0.0520068 -0.0928988  0.0607171    0.50418   0.777389  -0.495594   -0.75257
(NM) 1540: f = 59764.7 at   0.437544   0.433128 -0.0596283  0.0788046  0.0816361  0.0489531  0.0675521   0.052019 -0.0928954  0.0607194   0.504215   0.777419  -0.495621  -0.752593
(NM) 1560: f = 59764.7 at   0.437545   0.433129 -0.0595981  0.0787726  0.0816175  0.0489431   0.067531  0.0519917 -0.0928974  0.0607155   0.504201   0.777408   -0.49561  -0.752586
(NM) 1580: f = 59764.7 at   0.437543   0.433128 -0.0596058  0.0787661  0.0816172  0.0489396  0.0675404   0.051997 -0.0928884   0.060718   0.504278   0.777468  -0.495681  -0.752643
(NM) 1600: f = 59764.7 at   0.437545   0.433128 -0.0595987  0.0787636  0.0816063  0.0489442  0.0675355  0.0519879 -0.0928909  0.0607183   0.504257   0.777446  -0.495659  -0.752621
(NM) 1620: f = 59764.7 at   0.437546   0.433129 -0.0596004  0.0787673  0.0816039  0.0489441  0.0675372  0.0519917 -0.0928951  0.0607171   0.504268   0.777452  -0.495669  -0.752629
(NM) 1640: f = 59764.7 at   0.437546   0.433131 -0.0596128  0.0787785   0.081601  0.0489455   0.067541  0.0519942  -0.092889  0.0607192    0.50432   0.777501  -0.495709   -0.75267
(NM) 1660: f = 59764.7 at   0.437546   0.433129 -0.0596115  0.0787812  0.0816002  0.0489489  0.0675409  0.0519954 -0.0928944   0.060719   0.504293   0.777472  -0.495683  -0.752645
(NM) 1680: f = 59764.7 at   0.437544   0.433129 -0.0596025  0.0787711  0.0815934  0.0489414    0.06753  0.0519853 -0.0928944  0.0607185   0.504321   0.777493  -0.495707  -0.752669
(NM) 1700: f = 59764.7 at   0.437544   0.433129 -0.0596066  0.0787777  0.0815919  0.0489462  0.0675362  0.0519871 -0.0928953  0.0607179   0.504344   0.777511  -0.495725  -0.752687
(NM) 1720: f = 59764.7 at   0.437542   0.433129 -0.0596021  0.0787672  0.0815922   0.048939  0.0675278   0.051985 -0.0928936  0.0607173   0.504347   0.777515   -0.49573  -0.752692
(NM) 1740: f = 59764.7 at   0.437542   0.433128 -0.0596064  0.0787793  0.0816062  0.0489507  0.0675408  0.0519906 -0.0928926  0.0607162   0.504346   0.777514  -0.495734  -0.752696
(NM) 1760: f = 59764.7 at   0.437541   0.433127 -0.0596084  0.0787751  0.0816038  0.0489563  0.0675393  0.0519971 -0.0928934  0.0607138   0.504335   0.777503  -0.495725   -0.75269
(NM) 1780: f = 59764.7 at   0.437541   0.433127 -0.0596177  0.0787878   0.081618  0.0489696  0.0675544  0.0520062 -0.0928899  0.0607133   0.504324   0.777498  -0.495721  -0.752687
(NM) 1800: f = 59764.7 at   0.437542   0.433127 -0.0596109  0.0787802  0.0816149  0.0489704   0.067552  0.0520027 -0.0928895  0.0607122   0.504306   0.777482  -0.495707  -0.752673
(NM) 1820: f = 59764.7 at   0.437543   0.433129 -0.0596143  0.0787893  0.0816155   0.048971  0.0675559  0.0520031 -0.0928896  0.0607125    0.50433   0.777503  -0.495728  -0.752692
(NM) 1840: f = 59764.7 at   0.437542   0.433128 -0.0596088  0.0787832  0.0816142  0.0489659  0.0675485  0.0519987 -0.0928897  0.0607129   0.504334   0.777504  -0.495729  -0.752694
(NM) 1860: f = 59764.7 at   0.437544    0.43313 -0.0596098  0.0787935  0.0816177  0.0489702  0.0675563  0.0520049 -0.0928922  0.0607104   0.504332   0.777502  -0.495732  -0.752695
Generalized linear mixed model fit by maximum likelihood (Laplace
  Approximation) [glmerMod]
 Family: binomial  ( logit )
Formula: cbind(fo_won, fo_lost) ~ year + field + d_div + o_div + (1 |  
    offense) + (1 | defense)
   Data: g
      AIC       BIC    logLik  deviance  df.resid 
 59792.66  59895.16 -29882.33  59764.66     11160 
Random effects:
 Groups  Name        Std.Dev.
 offense (Intercept) 0.4375  
 defense (Intercept) 0.4331  
Number of obs: 11174, groups:  offense, 1408; defense, 1407
Fixed Effects:
        (Intercept)             year2011             year2012  
           -0.05961              0.07879              0.08162  
           year2013             year2014             year2015  
            0.04897              0.06756              0.05200  
  fielddefense_home  fieldoffensive_home               d_div2  
           -0.09289              0.06071              0.50433  
             d_div3               o_div2               o_div3  
            0.77750             -0.49573             -0.75270  
Generalized linear mixed model fit by maximum likelihood (Laplace
  Approximation) [glmerMod]
 Family: binomial  ( logit )
Formula: cbind(fo_won, fo_lost) ~ year + field + d_div + o_div + (1 |  
    offense) + (1 | defense)
   Data: g

     AIC      BIC   logLik deviance df.resid 
 59792.7  59895.2 -29882.3  59764.7    11160 

Scaled residuals: 
    Min      1Q  Median      3Q     Max 
-3.5943 -0.7167  0.0000  0.7218  3.7053 

Random effects:
 Groups  Name        Variance Std.Dev.
 offense (Intercept) 0.1914   0.4375  
 defense (Intercept) 0.1876   0.4331  
Number of obs: 11174, groups:  offense, 1408; defense, 1407

Fixed effects:
                    Estimate Std. Error z value Pr(>|z|)   
(Intercept)         -0.05961    0.08546  -0.698  0.48548   
year2011             0.07879    0.11792   0.668  0.50402   
year2012             0.08162    0.09810   0.832  0.40543   
year2013             0.04897    0.09754   0.502  0.61561   
year2014             0.06756    0.09717   0.695  0.48690   
year2015             0.05200    0.09690   0.537  0.59147   
fielddefense_home   -0.09289    0.03243  -2.864  0.00418 **
fieldoffensive_home  0.06071    0.01965   3.089  0.00201 **
d_div2               0.50433    0.54527   0.925  0.35501   
d_div3               0.77750    0.54847   1.418  0.15631   
o_div2              -0.49573    0.54533  -0.909  0.36332   
o_div3              -0.75270    0.54835  -1.373  0.16986   
---
Signif. codes:  0 ‘***’ 0.001 ‘**’ 0.01 ‘*’ 0.05 ‘.’ 0.1 ‘ ’ 1

Correlation of Fixed Effects:
            (Intr) yr2011 yr2012 yr2013 yr2014 yr2015 flddf_ fldff_ d_div2
year2011    -0.691                                                        
year2012    -0.831  0.602                                                 
year2013    -0.836  0.606  0.859                                          
year2014    -0.839  0.608  0.861  0.868                                   
year2015    -0.843  0.610  0.864  0.871  0.873                            
filddfns_hm -0.115  0.000 -0.023 -0.023 -0.023 -0.043                     
fldffnsv_hm -0.215  0.000  0.003  0.004  0.003  0.008  0.533              
d_div2       0.001  0.000 -0.015 -0.018 -0.016 -0.016  0.001 -0.003       
d_div3       0.001  0.000 -0.015 -0.018 -0.015 -0.016  0.000 -0.005  0.991
o_div2       0.000  0.000 -0.014 -0.011 -0.014 -0.014  0.003  0.002 -0.994
o_div3      -0.001  0.000 -0.014 -0.011 -0.014 -0.014  0.004  0.003 -0.989
            d_div3 o_div2
year2011                 
year2012                 
year2013                 
year2014                 
year2015                 
filddfns_hm              
fldffnsv_hm              
d_div2                   
d_div3                   
o_div2      -0.989       
o_div3      -0.997  0.991
[1] TRUE
