BEGIN
CREATE TABLE
INSERT 0 259
 rk  |        team         | div |  str  |  ofs  |  dfs  |  sos  
-----+---------------------+-----+-------+-------+-------+-------
   1 | Virginia            |   1 | 2.134 | 1.536 | 0.720 | 1.132
   2 | Syracuse            |   1 | 1.883 | 1.411 | 0.749 | 1.051
   3 | Duke                |   1 | 1.863 | 1.541 | 0.827 | 1.120
   4 | Maryland            |   1 | 1.777 | 1.364 | 0.767 | 1.141
   5 | North Carolina      |   1 | 1.702 | 1.344 | 0.790 | 1.121
   6 | Hofstra             |   1 | 1.580 | 1.410 | 0.893 | 1.045
   7 | Notre Dame          |   1 | 1.500 | 1.072 | 0.715 | 1.095
   8 | Loyola Maryland     |   1 | 1.440 | 1.139 | 0.791 | 1.063
   9 | Cornell             |   1 | 1.438 | 1.233 | 0.857 | 1.078
  10 | Stony Brook         |   1 | 1.409 | 1.430 | 1.015 | 1.033
  11 | Johns Hopkins       |   1 | 1.377 | 1.220 | 0.886 | 1.131
  12 | Princeton           |   1 | 1.373 | 1.147 | 0.835 | 1.091
  13 | Bucknell            |   1 | 1.368 | 1.099 | 0.804 | 1.018
  14 | Drexel              |   1 | 1.352 | 1.110 | 0.821 | 1.030
  15 | Georgetown          |   1 | 1.346 | 1.380 | 1.025 | 1.083
  16 | SUNY Cortland       |   3 | 1.312 | 1.069 | 0.815 | 0.771
  17 | Delaware            |   1 | 1.285 | 1.259 | 0.980 | 1.047
  18 | Brown               |   1 | 1.237 | 1.255 | 1.015 | 1.035
  19 | Massachusetts       |   1 | 1.221 | 1.228 | 1.006 | 1.022
  20 | Stevenson           |   3 | 1.212 | 1.260 | 1.039 | 0.804
  21 | Towson              |   1 | 1.201 | 1.099 | 0.915 | 1.135
  22 | Denver              |   1 | 1.186 | 1.190 | 1.004 | 1.010
  23 | Navy                |   1 | 1.182 | 0.994 | 0.841 | 1.055
  24 | Bryant              |   1 | 1.181 | 0.846 | 0.716 | 0.944
  25 | Salisbury           |   3 | 1.159 | 1.164 | 1.004 | 0.789
  26 | Harvard             |   1 | 1.155 | 1.191 | 1.031 | 1.052
  27 | Gettysburg          |   3 | 1.149 | 1.074 | 0.935 | 0.814
  28 | Villanova           |   1 | 1.121 | 1.108 | 0.989 | 1.011
  29 | Roanoke             |   3 | 1.113 | 1.245 | 1.118 | 0.764
  30 | Yale                |   1 | 1.111 | 1.043 | 0.938 | 0.980
  31 | Lafayette           |   1 | 1.103 | 1.332 | 1.208 | 0.974
  32 | Fairfield           |   1 | 1.092 | 0.945 | 0.866 | 1.032
  33 | Ohio St.            |   1 | 1.085 | 1.065 | 0.982 | 1.014
  34 | Penn                |   1 | 1.085 | 1.103 | 1.016 | 1.048
  35 | Army                |   1 | 1.078 | 1.027 | 0.953 | 1.057
  36 | Robert Morris       |   1 | 1.049 | 1.499 | 1.429 | 0.926
  37 | Quinnipiac          |   1 | 1.048 | 1.097 | 1.046 | 0.913
  38 | Rutgers             |   1 | 1.032 | 0.982 | 0.951 | 0.958
  39 | Jacksonville        |   1 | 1.025 | 1.186 | 1.158 | 0.983
  40 | Mt. St. Marys       |   1 | 0.993 | 0.995 | 1.003 | 0.925
  41 | Siena               |   1 | 0.969 | 0.941 | 0.971 | 0.865
  42 | Mercyhurst          |   2 | 0.967 | 0.936 | 0.968 | 0.615
  43 | C.W. Post           |   2 | 0.947 | 0.882 | 0.931 | 0.688
  44 | Tufts               |   3 | 0.944 | 1.132 | 1.198 | 0.818
  45 | UMBC                |   1 | 0.942 | 0.966 | 1.026 | 1.055
  46 | Colgate             |   1 | 0.934 | 0.947 | 1.014 | 1.014
  47 | Penn St.            |   1 | 0.930 | 1.072 | 1.154 | 1.097
  48 | Dartmouth           |   1 | 0.903 | 0.964 | 1.068 | 1.034
  49 | Le Moyne            |   2 | 0.899 | 0.888 | 0.987 | 0.745
  50 | Hobart              |   1 | 0.883 | 0.983 | 1.113 | 1.025
  51 | Hartford            |   1 | 0.860 | 1.029 | 1.197 | 0.990
  52 | Albany (NY)         |   1 | 0.856 | 0.933 | 1.090 | 1.060
  53 | Limestone           |   2 | 0.855 | 0.902 | 1.055 | 0.706
  54 | Holy Cross          |   1 | 0.850 | 0.893 | 1.051 | 0.993
  55 | Middlebury          |   3 | 0.850 | 0.900 | 1.059 | 0.838
  56 | Lehigh              |   1 | 0.842 | 0.936 | 1.112 | 0.971
  57 | Bellarmine          |   1 | 0.816 | 0.994 | 1.218 | 0.965
  58 | Dowling             |   2 | 0.810 | 0.962 | 1.187 | 0.682
  59 | Haverford           |   3 | 0.799 | 0.882 | 1.105 | 0.823
  60 | St. Johns (NY)      |   1 | 0.795 | 0.887 | 1.115 | 1.018
  61 | Binghamton          |   1 | 0.794 | 0.976 | 1.230 | 0.995
  62 | Lynchburg           |   3 | 0.783 | 0.902 | 1.151 | 0.713
  63 | Cabrini             |   3 | 0.771 | 1.014 | 1.315 | 0.666
  64 | Vermont             |   1 | 0.770 | 0.847 | 1.099 | 0.999
  65 | Denison             |   3 | 0.760 | 0.897 | 1.181 | 0.675
  66 | Merrimack           |   2 | 0.746 | 0.805 | 1.079 | 0.712
  67 | Rochester Inst.     |   3 | 0.744 | 0.972 | 1.305 | 0.745
  68 | Dickinson           |   3 | 0.737 | 0.816 | 1.106 | 0.785
  69 | Rensselaer          |   3 | 0.722 | 0.727 | 1.006 | 0.711
  70 | Connecticut Col.    |   3 | 0.719 | 0.769 | 1.070 | 0.759
  71 | NYIT                |   2 | 0.712 | 0.972 | 1.365 | 0.690
  72 | Nazareth            |   3 | 0.707 | 0.878 | 1.242 | 0.740
  73 | Sacred Heart        |   1 | 0.702 | 0.797 | 1.134 | 0.957
  74 | Marist              |   1 | 0.697 | 0.859 | 1.233 | 0.869
  75 | Manhattan           |   1 | 0.690 | 0.787 | 1.142 | 0.903
  76 | SUNY Geneseo        |   3 | 0.688 | 0.857 | 1.245 | 0.758
  77 | Wesleyan (CT)       |   3 | 0.687 | 0.716 | 1.043 | 0.770
  78 | Ohio Wesleyan       |   3 | 0.684 | 0.918 | 1.343 | 0.693
  79 | Bowdoin             |   3 | 0.680 | 0.869 | 1.278 | 0.822
  80 | Union (NY)          |   3 | 0.664 | 0.656 | 0.989 | 0.725
  81 | Wash. & Lee         |   3 | 0.662 | 0.687 | 1.037 | 0.687
  82 | Skidmore            |   3 | 0.649 | 0.811 | 1.249 | 0.755
  83 | Mars Hill           |   2 | 0.635 | 0.739 | 1.164 | 0.675
  84 | Air Force           |   1 | 0.634 | 0.686 | 1.080 | 1.011
  85 | St. Marys (MD)      |   3 | 0.626 | 0.761 | 1.217 | 0.753
  86 | Canisius            |   1 | 0.623 | 0.705 | 1.132 | 0.898
  87 | Stevens Institute   |   3 | 0.615 | 0.774 | 1.259 | 0.745
  88 | Trinity (CT)        |   3 | 0.607 | 0.652 | 1.073 | 0.723
  89 | St. Leo             |   2 | 0.604 | 0.765 | 1.268 | 0.673
  90 | Hampden-Sydney      |   3 | 0.596 | 0.900 | 1.510 | 0.694
  91 | Colorado Col.       |   3 | 0.591 | 0.744 | 1.260 | 0.550
  92 | Colby               |   3 | 0.590 | 0.694 | 1.177 | 0.743
  93 | St. John Fisher     |   3 | 0.589 | 0.803 | 1.363 | 0.620
  94 | Springfield         |   3 | 0.589 | 0.700 | 1.188 | 0.654
  95 | Bentley             |   2 | 0.587 | 0.774 | 1.319 | 0.735
  96 | Williams            |   3 | 0.586 | 0.647 | 1.104 | 0.832
  97 | St. Lawrence        |   3 | 0.582 | 0.709 | 1.218 | 0.751
  98 | Endicott            |   3 | 0.565 | 0.711 | 1.258 | 0.657
  99 | Detroit             |   1 | 0.562 | 0.798 | 1.419 | 0.877
 100 | McDaniel            |   3 | 0.560 | 0.748 | 1.335 | 0.774
 101 | Amherst             |   3 | 0.554 | 0.838 | 1.513 | 0.787
 102 | Adelphi             |   2 | 0.548 | 0.735 | 1.342 | 0.714
 103 | Goucher             |   3 | 0.547 | 0.663 | 1.211 | 0.660
 104 | Montclair St.       |   3 | 0.545 | 0.663 | 1.217 | 0.603
 105 | Ursinus             |   3 | 0.539 | 0.631 | 1.171 | 0.719
 106 | Keene St.           |   3 | 0.532 | 0.889 | 1.670 | 0.630
 107 | Queens (NC)         |   2 | 0.527 | 0.759 | 1.440 | 0.699
 108 | Frank. & Marsh.     |   3 | 0.521 | 0.661 | 1.268 | 0.792
 109 | Western New Eng.    |   3 | 0.520 | 0.726 | 1.398 | 0.647
 110 | VMI                 |   1 | 0.512 | 0.733 | 1.432 | 0.903
 111 | Bates               |   3 | 0.491 | 0.651 | 1.326 | 0.749
 112 | Wittenberg          |   3 | 0.491 | 0.627 | 1.277 | 0.639
 113 | Seton Hill          |   2 | 0.491 | 0.929 | 1.893 | 0.648
 114 | Providence          |   1 | 0.489 | 0.554 | 1.134 | 1.039
 115 | Belmont Abbey       |   2 | 0.482 | 0.698 | 1.449 | 0.685
 116 | Presbyterian        |   1 | 0.481 | 0.761 | 1.583 | 0.918
 117 | Muhlenberg          |   3 | 0.480 | 0.634 | 1.323 | 0.764
 118 | Catholic            |   3 | 0.478 | 0.617 | 1.291 | 0.576
 119 | Lycoming            |   3 | 0.473 | 0.672 | 1.420 | 0.597
 120 | St. Josephs         |   1 | 0.472 | 0.700 | 1.482 | 0.916
 121 | Washington Col.     |   3 | 0.472 | 0.683 | 1.446 | 0.820
 122 | St. Michaels        |   2 | 0.468 | 0.721 | 1.539 | 0.705
 123 | Hamilton            |   3 | 0.463 | 0.581 | 1.254 | 0.596
 124 | Ithaca              |   3 | 0.459 | 0.628 | 1.368 | 0.729
 125 | Kean                |   3 | 0.454 | 0.585 | 1.287 | 0.565
 126 | Mary Washington     |   3 | 0.445 | 0.681 | 1.530 | 0.728
 127 | St. Anselm          |   2 | 0.432 | 0.662 | 1.531 | 0.667
 128 | Pace                |   2 | 0.419 | 0.657 | 1.567 | 0.682
 129 | Randolph-Macon      |   3 | 0.416 | 0.710 | 1.710 | 0.643
 130 | Swarthmore          |   3 | 0.414 | 0.607 | 1.464 | 0.758
 131 | Elizabethtown       |   3 | 0.414 | 0.620 | 1.497 | 0.571
 132 | Va. Wesleyan        |   3 | 0.411 | 0.598 | 1.457 | 0.661
 133 | Plattsburgh St.     |   3 | 0.409 | 0.933 | 2.283 | 0.682
 134 | Oneonta St.         |   3 | 0.403 | 0.686 | 1.702 | 0.699
 135 | Catawba             |   2 | 0.403 | 0.688 | 1.707 | 0.711
 136 | Widener             |   3 | 0.402 | 0.561 | 1.395 | 0.634
 137 | York (PA)           |   3 | 0.399 | 0.788 | 1.975 | 0.759
 138 | Fla. Southern       |   2 | 0.398 | 0.648 | 1.625 | 0.709
 139 | Brockport           |   3 | 0.398 | 0.576 | 1.446 | 0.648
 140 | Eastern Conn. St.   |   3 | 0.395 | 0.744 | 1.882 | 0.659
 141 | Whittier            |   3 | 0.390 | 0.597 | 1.532 | 0.567
 142 | Wooster             |   3 | 0.390 | 0.586 | 1.502 | 0.608
 143 | Drew                |   3 | 0.382 | 0.566 | 1.480 | 0.676
 144 | FDU-Florham         |   3 | 0.380 | 0.542 | 1.427 | 0.600
 145 | Pfeiffer            |   2 | 0.376 | 0.605 | 1.610 | 0.647
 146 | Scranton            |   3 | 0.369 | 0.515 | 1.398 | 0.677
 147 | SUNY Potsdam        |   3 | 0.366 | 0.626 | 1.711 | 0.686
 148 | Hartwick            |   3 | 0.365 | 0.654 | 1.790 | 0.697
 149 | Adrian              |   3 | 0.364 | 0.715 | 1.966 | 0.461
 150 | Molloy              |   2 | 0.363 | 0.760 | 2.096 | 0.670
 151 | Kenyon              |   3 | 0.362 | 0.638 | 1.761 | 0.657
 152 | Wesley              |   3 | 0.360 | 0.752 | 2.086 | 0.722
 153 | Dominican (NY)      |   2 | 0.358 | 0.671 | 1.878 | 0.674
 154 | Eastern             |   3 | 0.355 | 0.538 | 1.514 | 0.539
 155 | Messiah             |   3 | 0.351 | 0.506 | 1.441 | 0.588
 156 | Wagner              |   1 | 0.351 | 0.573 | 1.635 | 0.909
 157 | Babson              |   3 | 0.347 | 0.591 | 1.704 | 0.602
 158 | Merchant Marine     |   3 | 0.347 | 0.584 | 1.685 | 0.687
 159 | Marywood            |   3 | 0.346 | 0.490 | 1.417 | 0.564
 160 | Marymount (VA)      |   3 | 0.340 | 0.615 | 1.809 | 0.698
 161 | Salve Regina        |   3 | 0.339 | 0.612 | 1.807 | 0.579
 162 | Wheaton (MA)        |   3 | 0.339 | 0.694 | 2.046 | 0.626
 163 | Clarkson            |   3 | 0.338 | 0.538 | 1.589 | 0.779
 164 | Roger Williams      |   3 | 0.333 | 0.583 | 1.749 | 0.551
 165 | Gordon              |   3 | 0.322 | 0.599 | 1.862 | 0.579
 166 | Western Conn. St.   |   3 | 0.320 | 0.570 | 1.780 | 0.610
 167 | Greensboro          |   3 | 0.319 | 0.569 | 1.788 | 0.606
 168 | Vassar              |   3 | 0.318 | 0.525 | 1.650 | 0.642
 169 | Notre Dame de Namur |   2 | 0.317 | 0.648 | 2.045 | 0.636
 170 | Southern N.H.       |   2 | 0.313 | 0.551 | 1.761 | 0.724
 171 | Utica               |   3 | 0.312 | 0.591 | 1.896 | 0.637
 172 | Plymouth St.        |   3 | 0.306 | 0.547 | 1.787 | 0.583
 173 | Assumption          |   2 | 0.301 | 0.550 | 1.828 | 0.656
 174 | St. Vincent         |   3 | 0.300 | 0.797 | 2.658 | 0.609
 175 | Elmira              |   3 | 0.299 | 0.761 | 2.543 | 0.660
 176 | New England Col.    |   3 | 0.297 | 0.541 | 1.821 | 0.569
 177 | Farmingdale St.     |   3 | 0.296 | 0.689 | 2.328 | 0.539
 178 | Rollins             |   2 | 0.291 | 0.508 | 1.744 | 0.702
 179 | Susquehanna         |   3 | 0.288 | 0.510 | 1.773 | 0.577
 180 | DeSales             |   3 | 0.285 | 0.560 | 1.965 | 0.555
 181 | Oswego St.          |   3 | 0.277 | 0.540 | 1.950 | 0.694
 182 | Wheeling Jesuit     |   2 | 0.276 | 0.510 | 1.850 | 0.674
 183 | Gwynedd-Mercy       |   3 | 0.273 | 0.467 | 1.714 | 0.505
 184 | Wingate             |   2 | 0.263 | 0.515 | 1.957 | 0.692
 185 | Franklin Pierce     |   2 | 0.258 | 0.509 | 1.973 | 0.647
 186 | American Intl       |   2 | 0.256 | 0.553 | 2.157 | 0.668
 187 | St. Andrews         |   2 | 0.256 | 0.520 | 2.031 | 0.721
 188 | Mass.-Dartmouth     |   3 | 0.243 | 0.542 | 2.232 | 0.536
 189 | Alfred              |   3 | 0.242 | 0.440 | 1.814 | 0.626
 190 | Mercy               |   2 | 0.242 | 0.437 | 1.806 | 0.672
 191 | Morrisville St.     |   3 | 0.241 | 0.503 | 2.086 | 0.461
 192 | Chris. Newport      |   3 | 0.241 | 0.504 | 2.093 | 0.579
 193 | Birmingham-So.      |   3 | 0.240 | 0.501 | 2.090 | 0.553
 194 | U New England       |   3 | 0.239 | 0.520 | 2.177 | 0.536
 195 | Manhattanville      |   3 | 0.237 | 0.450 | 1.902 | 0.592
 196 | Mount Ida           |   3 | 0.236 | 0.402 | 1.705 | 0.429
 197 | Lees-McRae          |   2 | 0.236 | 0.492 | 2.084 | 0.615
 198 | Salem St.           |   3 | 0.232 | 0.372 | 1.606 | 0.495
 199 | SUNY Maritime       |   3 | 0.230 | 0.484 | 2.102 | 0.571
 200 | Wash. & Jeff.       |   3 | 0.228 | 0.495 | 2.171 | 0.495
 201 | Richard Stockton    |   3 | 0.225 | 0.494 | 2.197 | 0.497
 202 | Lasell              |   3 | 0.224 | 0.423 | 1.886 | 0.559
 203 | Kings (PA)          |   3 | 0.223 | 0.427 | 1.913 | 0.551
 204 | Medaille            |   3 | 0.219 | 0.585 | 2.674 | 0.535
 205 | Immaculata          |   3 | 0.219 | 0.439 | 2.004 | 0.535
 206 | MIT                 |   3 | 0.218 | 0.413 | 1.890 | 0.546
 207 | Mt. St. Joseph      |   3 | 0.211 | 0.473 | 2.249 | 0.596
 208 | Clark (MA)          |   3 | 0.201 | 0.405 | 2.018 | 0.511
 209 | Southern Me.        |   3 | 0.196 | 0.592 | 3.030 | 0.573
 210 | Curry               |   3 | 0.195 | 0.515 | 2.633 | 0.522
 211 | Castleton           |   3 | 0.193 | 0.428 | 2.217 | 0.412
 212 | Trine               |   3 | 0.188 | 0.417 | 2.220 | 0.435
 213 | Moravian            |   3 | 0.185 | 0.480 | 2.592 | 0.645
 214 | Carthage            |   3 | 0.183 | 0.441 | 2.404 | 0.400
 215 | Oberlin             |   3 | 0.180 | 0.432 | 2.395 | 0.519
 216 | Neumann             |   3 | 0.174 | 0.472 | 2.706 | 0.544
 217 | Sewanee             |   3 | 0.174 | 0.421 | 2.415 | 0.556
 218 | Hood                |   3 | 0.173 | 0.381 | 2.199 | 0.574
 219 | Lake Erie           |   2 | 0.169 | 0.379 | 2.241 | 0.656
 220 | Fontbonne           |   3 | 0.166 | 0.406 | 2.440 | 0.485
 221 | Keuka               |   3 | 0.164 | 0.382 | 2.325 | 0.541
 222 | Centenary (NJ)      |   3 | 0.151 | 0.421 | 2.796 | 0.483
 223 | Guilford            |   3 | 0.147 | 0.433 | 2.947 | 0.605
 224 | Chestnut Hill       |   2 | 0.147 | 0.350 | 2.379 | 0.659
 225 | Wentworth Inst.     |   3 | 0.145 | 0.399 | 2.744 | 0.505
 226 | Mass.-Boston        |   3 | 0.144 | 0.386 | 2.680 | 0.467
 227 | Nichols             |   3 | 0.141 | 0.315 | 2.228 | 0.482
 228 | Mass. Maritime      |   3 | 0.132 | 0.359 | 2.720 | 0.512
 229 | Maine Maritime      |   3 | 0.132 | 0.430 | 3.261 | 0.375
 230 | Misericordia        |   3 | 0.132 | 0.388 | 2.931 | 0.510
 231 | Norwich             |   3 | 0.131 | 0.349 | 2.668 | 0.440
 232 | Husson              |   3 | 0.127 | 0.361 | 2.850 | 0.323
 233 | Grand Canyon        |   2 | 0.127 | 0.309 | 2.428 | 0.601
 234 | Mt. St. Vincent     |   3 | 0.113 | 0.335 | 2.954 | 0.398
 235 | Otterbein           |   3 | 0.111 | 0.290 | 2.614 | 0.490
 236 | Shenandoah          |   3 | 0.107 | 0.332 | 3.104 | 0.545
 237 | Cazenovia           |   3 | 0.104 | 0.341 | 3.283 | 0.513
 238 | Anna Maria          |   3 | 0.098 | 0.308 | 3.135 | 0.429
 239 | Lebanon Valley      |   3 | 0.094 | 0.275 | 2.926 | 0.528
 240 | Becker              |   3 | 0.092 | 0.357 | 3.896 | 0.329
 241 | St. Josephs (ME)    |   3 | 0.088 | 0.310 | 3.518 | 0.298
 242 | Johnson St.         |   3 | 0.080 | 0.287 | 3.596 | 0.339
 243 | Alvernia            |   3 | 0.079 | 0.261 | 3.298 | 0.516
 244 | Hendrix             |   3 | 0.077 | 0.218 | 2.829 | 0.495
 245 | Randolph            |   3 | 0.074 | 0.197 | 2.651 | 0.660
 246 | Albion              |   3 | 0.073 | 0.297 | 4.075 | 0.447
 247 | Wells               |   3 | 0.062 | 0.264 | 4.253 | 0.449
 248 | Southwestern (TX)   |   3 | 0.054 | 0.239 | 4.451 | 0.490
 249 | Mt. St. Mary (NY)   |   3 | 0.054 | 0.231 | 4.272 | 0.422
 250 | Daniel Webster      |   3 | 0.047 | 0.242 | 5.132 | 0.224
 251 | Milwaukee Engr.     |   3 | 0.042 | 0.187 | 4.459 | 0.507
 252 | Emerson             |   3 | 0.036 | 0.191 | 5.287 | 0.310
 253 | Thomas (ME)         |   3 | 0.034 | 0.182 | 5.372 | 0.333
 254 | Regis (MA)          |   3 | 0.032 | 0.170 | 5.264 | 0.369
 255 | Mitchell            |   3 | 0.030 | 0.178 | 5.880 | 0.303
 256 | Green Mountain      |   3 | 0.027 | 0.171 | 6.260 | 0.326
 257 | Bard                |   3 | 0.016 | 0.079 | 4.971 | 0.457
 258 | Me.-Farmington      |   3 | 0.014 | 0.086 | 6.003 | 0.310
 259 | Rivier              |   3 | 0.006 | 0.038 | 6.739 | 0.299
(259 rows)

 rk |      team       | div |  str  |  ofs  |  dfs  |  sos  
----+-----------------+-----+-------+-------+-------+-------
  1 | Virginia        |   1 | 2.134 | 1.536 | 0.720 | 1.132
  2 | Syracuse        |   1 | 1.883 | 1.411 | 0.749 | 1.051
  3 | Duke            |   1 | 1.863 | 1.541 | 0.827 | 1.120
  4 | Maryland        |   1 | 1.777 | 1.364 | 0.767 | 1.141
  5 | North Carolina  |   1 | 1.702 | 1.344 | 0.790 | 1.121
  6 | Hofstra         |   1 | 1.580 | 1.410 | 0.893 | 1.045
  7 | Notre Dame      |   1 | 1.500 | 1.072 | 0.715 | 1.095
  8 | Loyola Maryland |   1 | 1.440 | 1.139 | 0.791 | 1.063
  9 | Cornell         |   1 | 1.438 | 1.233 | 0.857 | 1.078
 10 | Stony Brook     |   1 | 1.409 | 1.430 | 1.015 | 1.033
 11 | Johns Hopkins   |   1 | 1.377 | 1.220 | 0.886 | 1.131
 12 | Princeton       |   1 | 1.373 | 1.147 | 0.835 | 1.091
 13 | Bucknell        |   1 | 1.368 | 1.099 | 0.804 | 1.018
 14 | Drexel          |   1 | 1.352 | 1.110 | 0.821 | 1.030
 15 | Georgetown      |   1 | 1.346 | 1.380 | 1.025 | 1.083
 16 | Delaware        |   1 | 1.285 | 1.259 | 0.980 | 1.047
 17 | Brown           |   1 | 1.237 | 1.255 | 1.015 | 1.035
 18 | Massachusetts   |   1 | 1.221 | 1.228 | 1.006 | 1.022
 19 | Towson          |   1 | 1.201 | 1.099 | 0.915 | 1.135
 20 | Denver          |   1 | 1.186 | 1.190 | 1.004 | 1.010
 21 | Navy            |   1 | 1.182 | 0.994 | 0.841 | 1.055
 22 | Bryant          |   1 | 1.181 | 0.846 | 0.716 | 0.944
 23 | Harvard         |   1 | 1.155 | 1.191 | 1.031 | 1.052
 24 | Villanova       |   1 | 1.121 | 1.108 | 0.989 | 1.011
 25 | Yale            |   1 | 1.111 | 1.043 | 0.938 | 0.980
 26 | Lafayette       |   1 | 1.103 | 1.332 | 1.208 | 0.974
 27 | Fairfield       |   1 | 1.092 | 0.945 | 0.866 | 1.032
 28 | Ohio St.        |   1 | 1.085 | 1.065 | 0.982 | 1.014
 29 | Penn            |   1 | 1.085 | 1.103 | 1.016 | 1.048
 30 | Army            |   1 | 1.078 | 1.027 | 0.953 | 1.057
 31 | Robert Morris   |   1 | 1.049 | 1.499 | 1.429 | 0.926
 32 | Quinnipiac      |   1 | 1.048 | 1.097 | 1.046 | 0.913
 33 | Rutgers         |   1 | 1.032 | 0.982 | 0.951 | 0.958
 34 | Jacksonville    |   1 | 1.025 | 1.186 | 1.158 | 0.983
 35 | Mt. St. Marys   |   1 | 0.993 | 0.995 | 1.003 | 0.925
 36 | Siena           |   1 | 0.969 | 0.941 | 0.971 | 0.865
 37 | UMBC            |   1 | 0.942 | 0.966 | 1.026 | 1.055
 38 | Colgate         |   1 | 0.934 | 0.947 | 1.014 | 1.014
 39 | Penn St.        |   1 | 0.930 | 1.072 | 1.154 | 1.097
 40 | Dartmouth       |   1 | 0.903 | 0.964 | 1.068 | 1.034
 41 | Hobart          |   1 | 0.883 | 0.983 | 1.113 | 1.025
 42 | Hartford        |   1 | 0.860 | 1.029 | 1.197 | 0.990
 43 | Albany (NY)     |   1 | 0.856 | 0.933 | 1.090 | 1.060
 44 | Holy Cross      |   1 | 0.850 | 0.893 | 1.051 | 0.993
 45 | Lehigh          |   1 | 0.842 | 0.936 | 1.112 | 0.971
 46 | Bellarmine      |   1 | 0.816 | 0.994 | 1.218 | 0.965
 47 | St. Johns (NY)  |   1 | 0.795 | 0.887 | 1.115 | 1.018
 48 | Binghamton      |   1 | 0.794 | 0.976 | 1.230 | 0.995
 49 | Vermont         |   1 | 0.770 | 0.847 | 1.099 | 0.999
 50 | Sacred Heart    |   1 | 0.702 | 0.797 | 1.134 | 0.957
 51 | Marist          |   1 | 0.697 | 0.859 | 1.233 | 0.869
 52 | Manhattan       |   1 | 0.690 | 0.787 | 1.142 | 0.903
 53 | Air Force       |   1 | 0.634 | 0.686 | 1.080 | 1.011
 54 | Canisius        |   1 | 0.623 | 0.705 | 1.132 | 0.898
 55 | Detroit         |   1 | 0.562 | 0.798 | 1.419 | 0.877
 56 | VMI             |   1 | 0.512 | 0.733 | 1.432 | 0.903
 57 | Providence      |   1 | 0.489 | 0.554 | 1.134 | 1.039
 58 | Presbyterian    |   1 | 0.481 | 0.761 | 1.583 | 0.918
 59 | St. Josephs     |   1 | 0.472 | 0.700 | 1.482 | 0.916
 60 | Wagner          |   1 | 0.351 | 0.573 | 1.635 | 0.909
(60 rows)

 rk |        team         | div |  str  |  ofs  |  dfs  |  sos  
----+---------------------+-----+-------+-------+-------+-------
  1 | Mercyhurst          |   2 | 0.967 | 0.936 | 0.968 | 0.615
  2 | C.W. Post           |   2 | 0.947 | 0.882 | 0.931 | 0.688
  3 | Le Moyne            |   2 | 0.899 | 0.888 | 0.987 | 0.745
  4 | Limestone           |   2 | 0.855 | 0.902 | 1.055 | 0.706
  5 | Dowling             |   2 | 0.810 | 0.962 | 1.187 | 0.682
  6 | Merrimack           |   2 | 0.746 | 0.805 | 1.079 | 0.712
  7 | NYIT                |   2 | 0.712 | 0.972 | 1.365 | 0.690
  8 | Mars Hill           |   2 | 0.635 | 0.739 | 1.164 | 0.675
  9 | St. Leo             |   2 | 0.604 | 0.765 | 1.268 | 0.673
 10 | Bentley             |   2 | 0.587 | 0.774 | 1.319 | 0.735
 11 | Adelphi             |   2 | 0.548 | 0.735 | 1.342 | 0.714
 12 | Queens (NC)         |   2 | 0.527 | 0.759 | 1.440 | 0.699
 13 | Seton Hill          |   2 | 0.491 | 0.929 | 1.893 | 0.648
 14 | Belmont Abbey       |   2 | 0.482 | 0.698 | 1.449 | 0.685
 15 | St. Michaels        |   2 | 0.468 | 0.721 | 1.539 | 0.705
 16 | St. Anselm          |   2 | 0.432 | 0.662 | 1.531 | 0.667
 17 | Pace                |   2 | 0.419 | 0.657 | 1.567 | 0.682
 18 | Catawba             |   2 | 0.403 | 0.688 | 1.707 | 0.711
 19 | Fla. Southern       |   2 | 0.398 | 0.648 | 1.625 | 0.709
 20 | Pfeiffer            |   2 | 0.376 | 0.605 | 1.610 | 0.647
 21 | Molloy              |   2 | 0.363 | 0.760 | 2.096 | 0.670
 22 | Dominican (NY)      |   2 | 0.358 | 0.671 | 1.878 | 0.674
 23 | Notre Dame de Namur |   2 | 0.317 | 0.648 | 2.045 | 0.636
 24 | Southern N.H.       |   2 | 0.313 | 0.551 | 1.761 | 0.724
 25 | Assumption          |   2 | 0.301 | 0.550 | 1.828 | 0.656
 26 | Rollins             |   2 | 0.291 | 0.508 | 1.744 | 0.702
 27 | Wheeling Jesuit     |   2 | 0.276 | 0.510 | 1.850 | 0.674
 28 | Wingate             |   2 | 0.263 | 0.515 | 1.957 | 0.692
 29 | Franklin Pierce     |   2 | 0.258 | 0.509 | 1.973 | 0.647
 30 | American Intl       |   2 | 0.256 | 0.553 | 2.157 | 0.668
 31 | St. Andrews         |   2 | 0.256 | 0.520 | 2.031 | 0.721
 32 | Mercy               |   2 | 0.242 | 0.437 | 1.806 | 0.672
 33 | Lees-McRae          |   2 | 0.236 | 0.492 | 2.084 | 0.615
 34 | Lake Erie           |   2 | 0.169 | 0.379 | 2.241 | 0.656
 35 | Chestnut Hill       |   2 | 0.147 | 0.350 | 2.379 | 0.659
 36 | Grand Canyon        |   2 | 0.127 | 0.309 | 2.428 | 0.601
(36 rows)

 rk  |       team        | div |  str  |  ofs  |  dfs  |  sos  
-----+-------------------+-----+-------+-------+-------+-------
   1 | SUNY Cortland     |   3 | 1.312 | 1.069 | 0.815 | 0.771
   2 | Stevenson         |   3 | 1.212 | 1.260 | 1.039 | 0.804
   3 | Salisbury         |   3 | 1.159 | 1.164 | 1.004 | 0.789
   4 | Gettysburg        |   3 | 1.149 | 1.074 | 0.935 | 0.814
   5 | Roanoke           |   3 | 1.113 | 1.245 | 1.118 | 0.764
   6 | Tufts             |   3 | 0.944 | 1.132 | 1.198 | 0.818
   7 | Middlebury        |   3 | 0.850 | 0.900 | 1.059 | 0.838
   8 | Haverford         |   3 | 0.799 | 0.882 | 1.105 | 0.823
   9 | Lynchburg         |   3 | 0.783 | 0.902 | 1.151 | 0.713
  10 | Cabrini           |   3 | 0.771 | 1.014 | 1.315 | 0.666
  11 | Denison           |   3 | 0.760 | 0.897 | 1.181 | 0.675
  12 | Rochester Inst.   |   3 | 0.744 | 0.972 | 1.305 | 0.745
  13 | Dickinson         |   3 | 0.737 | 0.816 | 1.106 | 0.785
  14 | Rensselaer        |   3 | 0.722 | 0.727 | 1.006 | 0.711
  15 | Connecticut Col.  |   3 | 0.719 | 0.769 | 1.070 | 0.759
  16 | Nazareth          |   3 | 0.707 | 0.878 | 1.242 | 0.740
  17 | SUNY Geneseo      |   3 | 0.688 | 0.857 | 1.245 | 0.758
  18 | Wesleyan (CT)     |   3 | 0.687 | 0.716 | 1.043 | 0.770
  19 | Ohio Wesleyan     |   3 | 0.684 | 0.918 | 1.343 | 0.693
  20 | Bowdoin           |   3 | 0.680 | 0.869 | 1.278 | 0.822
  21 | Union (NY)        |   3 | 0.664 | 0.656 | 0.989 | 0.725
  22 | Wash. & Lee       |   3 | 0.662 | 0.687 | 1.037 | 0.687
  23 | Skidmore          |   3 | 0.649 | 0.811 | 1.249 | 0.755
  24 | St. Marys (MD)    |   3 | 0.626 | 0.761 | 1.217 | 0.753
  25 | Stevens Institute |   3 | 0.615 | 0.774 | 1.259 | 0.745
  26 | Trinity (CT)      |   3 | 0.607 | 0.652 | 1.073 | 0.723
  27 | Hampden-Sydney    |   3 | 0.596 | 0.900 | 1.510 | 0.694
  28 | Colorado Col.     |   3 | 0.591 | 0.744 | 1.260 | 0.550
  29 | Colby             |   3 | 0.590 | 0.694 | 1.177 | 0.743
  30 | St. John Fisher   |   3 | 0.589 | 0.803 | 1.363 | 0.620
  31 | Springfield       |   3 | 0.589 | 0.700 | 1.188 | 0.654
  32 | Williams          |   3 | 0.586 | 0.647 | 1.104 | 0.832
  33 | St. Lawrence      |   3 | 0.582 | 0.709 | 1.218 | 0.751
  34 | Endicott          |   3 | 0.565 | 0.711 | 1.258 | 0.657
  35 | McDaniel          |   3 | 0.560 | 0.748 | 1.335 | 0.774
  36 | Amherst           |   3 | 0.554 | 0.838 | 1.513 | 0.787
  37 | Goucher           |   3 | 0.547 | 0.663 | 1.211 | 0.660
  38 | Montclair St.     |   3 | 0.545 | 0.663 | 1.217 | 0.603
  39 | Ursinus           |   3 | 0.539 | 0.631 | 1.171 | 0.719
  40 | Keene St.         |   3 | 0.532 | 0.889 | 1.670 | 0.630
  41 | Frank. & Marsh.   |   3 | 0.521 | 0.661 | 1.268 | 0.792
  42 | Western New Eng.  |   3 | 0.520 | 0.726 | 1.398 | 0.647
  43 | Bates             |   3 | 0.491 | 0.651 | 1.326 | 0.749
  44 | Wittenberg        |   3 | 0.491 | 0.627 | 1.277 | 0.639
  45 | Muhlenberg        |   3 | 0.480 | 0.634 | 1.323 | 0.764
  46 | Catholic          |   3 | 0.478 | 0.617 | 1.291 | 0.576
  47 | Lycoming          |   3 | 0.473 | 0.672 | 1.420 | 0.597
  48 | Washington Col.   |   3 | 0.472 | 0.683 | 1.446 | 0.820
  49 | Hamilton          |   3 | 0.463 | 0.581 | 1.254 | 0.596
  50 | Ithaca            |   3 | 0.459 | 0.628 | 1.368 | 0.729
  51 | Kean              |   3 | 0.454 | 0.585 | 1.287 | 0.565
  52 | Mary Washington   |   3 | 0.445 | 0.681 | 1.530 | 0.728
  53 | Randolph-Macon    |   3 | 0.416 | 0.710 | 1.710 | 0.643
  54 | Swarthmore        |   3 | 0.414 | 0.607 | 1.464 | 0.758
  55 | Elizabethtown     |   3 | 0.414 | 0.620 | 1.497 | 0.571
  56 | Va. Wesleyan      |   3 | 0.411 | 0.598 | 1.457 | 0.661
  57 | Plattsburgh St.   |   3 | 0.409 | 0.933 | 2.283 | 0.682
  58 | Oneonta St.       |   3 | 0.403 | 0.686 | 1.702 | 0.699
  59 | Widener           |   3 | 0.402 | 0.561 | 1.395 | 0.634
  60 | York (PA)         |   3 | 0.399 | 0.788 | 1.975 | 0.759
  61 | Brockport         |   3 | 0.398 | 0.576 | 1.446 | 0.648
  62 | Eastern Conn. St. |   3 | 0.395 | 0.744 | 1.882 | 0.659
  63 | Whittier          |   3 | 0.390 | 0.597 | 1.532 | 0.567
  64 | Wooster           |   3 | 0.390 | 0.586 | 1.502 | 0.608
  65 | Drew              |   3 | 0.382 | 0.566 | 1.480 | 0.676
  66 | FDU-Florham       |   3 | 0.380 | 0.542 | 1.427 | 0.600
  67 | Scranton          |   3 | 0.369 | 0.515 | 1.398 | 0.677
  68 | SUNY Potsdam      |   3 | 0.366 | 0.626 | 1.711 | 0.686
  69 | Hartwick          |   3 | 0.365 | 0.654 | 1.790 | 0.697
  70 | Adrian            |   3 | 0.364 | 0.715 | 1.966 | 0.461
  71 | Kenyon            |   3 | 0.362 | 0.638 | 1.761 | 0.657
  72 | Wesley            |   3 | 0.360 | 0.752 | 2.086 | 0.722
  73 | Eastern           |   3 | 0.355 | 0.538 | 1.514 | 0.539
  74 | Messiah           |   3 | 0.351 | 0.506 | 1.441 | 0.588
  75 | Babson            |   3 | 0.347 | 0.591 | 1.704 | 0.602
  76 | Merchant Marine   |   3 | 0.347 | 0.584 | 1.685 | 0.687
  77 | Marywood          |   3 | 0.346 | 0.490 | 1.417 | 0.564
  78 | Marymount (VA)    |   3 | 0.340 | 0.615 | 1.809 | 0.698
  79 | Salve Regina      |   3 | 0.339 | 0.612 | 1.807 | 0.579
  80 | Wheaton (MA)      |   3 | 0.339 | 0.694 | 2.046 | 0.626
  81 | Clarkson          |   3 | 0.338 | 0.538 | 1.589 | 0.779
  82 | Roger Williams    |   3 | 0.333 | 0.583 | 1.749 | 0.551
  83 | Gordon            |   3 | 0.322 | 0.599 | 1.862 | 0.579
  84 | Western Conn. St. |   3 | 0.320 | 0.570 | 1.780 | 0.610
  85 | Greensboro        |   3 | 0.319 | 0.569 | 1.788 | 0.606
  86 | Vassar            |   3 | 0.318 | 0.525 | 1.650 | 0.642
  87 | Utica             |   3 | 0.312 | 0.591 | 1.896 | 0.637
  88 | Plymouth St.      |   3 | 0.306 | 0.547 | 1.787 | 0.583
  89 | St. Vincent       |   3 | 0.300 | 0.797 | 2.658 | 0.609
  90 | Elmira            |   3 | 0.299 | 0.761 | 2.543 | 0.660
  91 | New England Col.  |   3 | 0.297 | 0.541 | 1.821 | 0.569
  92 | Farmingdale St.   |   3 | 0.296 | 0.689 | 2.328 | 0.539
  93 | Susquehanna       |   3 | 0.288 | 0.510 | 1.773 | 0.577
  94 | DeSales           |   3 | 0.285 | 0.560 | 1.965 | 0.555
  95 | Oswego St.        |   3 | 0.277 | 0.540 | 1.950 | 0.694
  96 | Gwynedd-Mercy     |   3 | 0.273 | 0.467 | 1.714 | 0.505
  97 | Mass.-Dartmouth   |   3 | 0.243 | 0.542 | 2.232 | 0.536
  98 | Alfred            |   3 | 0.242 | 0.440 | 1.814 | 0.626
  99 | Morrisville St.   |   3 | 0.241 | 0.503 | 2.086 | 0.461
 100 | Chris. Newport    |   3 | 0.241 | 0.504 | 2.093 | 0.579
 101 | Birmingham-So.    |   3 | 0.240 | 0.501 | 2.090 | 0.553
 102 | U New England     |   3 | 0.239 | 0.520 | 2.177 | 0.536
 103 | Manhattanville    |   3 | 0.237 | 0.450 | 1.902 | 0.592
 104 | Mount Ida         |   3 | 0.236 | 0.402 | 1.705 | 0.429
 105 | Salem St.         |   3 | 0.232 | 0.372 | 1.606 | 0.495
 106 | SUNY Maritime     |   3 | 0.230 | 0.484 | 2.102 | 0.571
 107 | Wash. & Jeff.     |   3 | 0.228 | 0.495 | 2.171 | 0.495
 108 | Richard Stockton  |   3 | 0.225 | 0.494 | 2.197 | 0.497
 109 | Lasell            |   3 | 0.224 | 0.423 | 1.886 | 0.559
 110 | Kings (PA)        |   3 | 0.223 | 0.427 | 1.913 | 0.551
 111 | Medaille          |   3 | 0.219 | 0.585 | 2.674 | 0.535
 112 | Immaculata        |   3 | 0.219 | 0.439 | 2.004 | 0.535
 113 | MIT               |   3 | 0.218 | 0.413 | 1.890 | 0.546
 114 | Mt. St. Joseph    |   3 | 0.211 | 0.473 | 2.249 | 0.596
 115 | Clark (MA)        |   3 | 0.201 | 0.405 | 2.018 | 0.511
 116 | Southern Me.      |   3 | 0.196 | 0.592 | 3.030 | 0.573
 117 | Curry             |   3 | 0.195 | 0.515 | 2.633 | 0.522
 118 | Castleton         |   3 | 0.193 | 0.428 | 2.217 | 0.412
 119 | Trine             |   3 | 0.188 | 0.417 | 2.220 | 0.435
 120 | Moravian          |   3 | 0.185 | 0.480 | 2.592 | 0.645
 121 | Carthage          |   3 | 0.183 | 0.441 | 2.404 | 0.400
 122 | Oberlin           |   3 | 0.180 | 0.432 | 2.395 | 0.519
 123 | Neumann           |   3 | 0.174 | 0.472 | 2.706 | 0.544
 124 | Sewanee           |   3 | 0.174 | 0.421 | 2.415 | 0.556
 125 | Hood              |   3 | 0.173 | 0.381 | 2.199 | 0.574
 126 | Fontbonne         |   3 | 0.166 | 0.406 | 2.440 | 0.485
 127 | Keuka             |   3 | 0.164 | 0.382 | 2.325 | 0.541
 128 | Centenary (NJ)    |   3 | 0.151 | 0.421 | 2.796 | 0.483
 129 | Guilford          |   3 | 0.147 | 0.433 | 2.947 | 0.605
 130 | Wentworth Inst.   |   3 | 0.145 | 0.399 | 2.744 | 0.505
 131 | Mass.-Boston      |   3 | 0.144 | 0.386 | 2.680 | 0.467
 132 | Nichols           |   3 | 0.141 | 0.315 | 2.228 | 0.482
 133 | Mass. Maritime    |   3 | 0.132 | 0.359 | 2.720 | 0.512
 134 | Maine Maritime    |   3 | 0.132 | 0.430 | 3.261 | 0.375
 135 | Misericordia      |   3 | 0.132 | 0.388 | 2.931 | 0.510
 136 | Norwich           |   3 | 0.131 | 0.349 | 2.668 | 0.440
 137 | Husson            |   3 | 0.127 | 0.361 | 2.850 | 0.323
 138 | Mt. St. Vincent   |   3 | 0.113 | 0.335 | 2.954 | 0.398
 139 | Otterbein         |   3 | 0.111 | 0.290 | 2.614 | 0.490
 140 | Shenandoah        |   3 | 0.107 | 0.332 | 3.104 | 0.545
 141 | Cazenovia         |   3 | 0.104 | 0.341 | 3.283 | 0.513
 142 | Anna Maria        |   3 | 0.098 | 0.308 | 3.135 | 0.429
 143 | Lebanon Valley    |   3 | 0.094 | 0.275 | 2.926 | 0.528
 144 | Becker            |   3 | 0.092 | 0.357 | 3.896 | 0.329
 145 | St. Josephs (ME)  |   3 | 0.088 | 0.310 | 3.518 | 0.298
 146 | Johnson St.       |   3 | 0.080 | 0.287 | 3.596 | 0.339
 147 | Alvernia          |   3 | 0.079 | 0.261 | 3.298 | 0.516
 148 | Hendrix           |   3 | 0.077 | 0.218 | 2.829 | 0.495
 149 | Randolph          |   3 | 0.074 | 0.197 | 2.651 | 0.660
 150 | Albion            |   3 | 0.073 | 0.297 | 4.075 | 0.447
 151 | Wells             |   3 | 0.062 | 0.264 | 4.253 | 0.449
 152 | Southwestern (TX) |   3 | 0.054 | 0.239 | 4.451 | 0.490
 153 | Mt. St. Mary (NY) |   3 | 0.054 | 0.231 | 4.272 | 0.422
 154 | Daniel Webster    |   3 | 0.047 | 0.242 | 5.132 | 0.224
 155 | Milwaukee Engr.   |   3 | 0.042 | 0.187 | 4.459 | 0.507
 156 | Emerson           |   3 | 0.036 | 0.191 | 5.287 | 0.310
 157 | Thomas (ME)       |   3 | 0.034 | 0.182 | 5.372 | 0.333
 158 | Regis (MA)        |   3 | 0.032 | 0.170 | 5.264 | 0.369
 159 | Mitchell          |   3 | 0.030 | 0.178 | 5.880 | 0.303
 160 | Green Mountain    |   3 | 0.027 | 0.171 | 6.260 | 0.326
 161 | Bard              |   3 | 0.016 | 0.079 | 4.971 | 0.457
 162 | Me.-Farmington    |   3 | 0.014 | 0.086 | 6.003 | 0.310
 163 | Rivier            |   3 | 0.006 | 0.038 | 6.739 | 0.299
(163 rows)

COMMIT
