[1] 77608    10
[1] FALSE
[1] 77608    10
  0:     179470.34:  1.15470 0.316483 0.316483 0.150021  2.31854 -0.0573380 -0.0655587 -0.0595194 -0.100647 -0.0860897 -0.0971447 -0.0644891 -0.0549934 -0.0804901 -0.0902362 -0.0482543 -0.0323681 -0.0531358 -0.0726153 -0.0426165 -0.243097 0.0288860 -0.00670843 -0.0835207 0.0843819 0.226678 0.243026 -0.151351 -0.208557
  1:     98079.580: 0.199174 0.494461 0.540743 0.102215  2.29077 -0.0593772 -0.0676018 -0.0613210 -0.102864 -0.0883415 -0.0994397 -0.0667866 -0.0574242 -0.0835863 -0.0934985 -0.0501802 -0.0315166 -0.0531733 -0.0726048 -0.0426999 -0.243097 0.0288901 -0.00670771 -0.0808972 0.0540667 0.219258 0.232743 -0.152061 -0.236740
  2:     91294.668:  0.00000 0.331788 0.426328  0.00000  2.27537 -0.0606347 -0.0687444 -0.0620266 -0.104040 -0.0894407 -0.100454 -0.0677772 -0.0584597 -0.0852995 -0.0949858 -0.0522820 0.0359305 -0.0285192 -0.0671421 -0.0436319 -0.243045 0.0292706 -0.00660436 -0.0451886 0.00313430 0.211566 0.238951 -0.152143 -0.262016
  3:     90869.545:  0.00000 0.341205 0.426813 0.000590852  2.27580 -0.0606167 -0.0687208 -0.0619713 -0.104012 -0.0894075 -0.100407 -0.0677142 -0.0583922 -0.0852681 -0.0949231 -0.0522511 0.0343862 -0.0272744 -0.0667312 -0.0436901 -0.243043 0.0292985 -0.00659851 -0.0709523 0.0317995 0.211304 0.240292 -0.152099 -0.262223
  4:     90820.280:  0.00000 0.373549 0.427806 0.00686227  2.27727 -0.0605702 -0.0686469 -0.0617494 -0.103918 -0.0892932 -0.100230 -0.0674635 -0.0581235 -0.0851723 -0.0946852 -0.0521629 0.0280447 -0.0215300 -0.0647139 -0.0439296 -0.243027 0.0294333 -0.00657200 -0.0528127 0.0246205 0.210097 0.245848 -0.151967 -0.263541
  5:     90622.829:  0.00000 0.389943 0.434898 0.0345007  2.26369 -0.0631559 -0.0688406 -0.0616381 -0.103875 -0.0892397 -0.100143 -0.0673327 -0.0579833 -0.0851238 -0.0945578 -0.0521174 0.0222228 -0.0190520 -0.0635040 -0.0440861 -0.243014 0.0295167 -0.00655826 -0.0621706 0.0376874 0.209687 0.248378 -0.152019 -0.264165
  6:     90608.903: 2.09995e-08 0.386140 0.434350 0.0464158  2.26469 -0.0630944 -0.0687809 -0.0614927 -0.103809 -0.0891590 -0.100026 -0.0671827 -0.0578230 -0.0850590 -0.0944160 -0.0520682 0.0222876 -0.0162862 -0.0623730 -0.0442289 -0.243004 0.0296090 -0.00654071 -0.0582031 0.0347799 0.209210 0.251299 -0.151862 -0.265270
  7:     90601.983: 0.000582108 0.379992 0.432452 0.0380335  2.27041 -0.0621764 -0.0686408 -0.0612743 -0.103729 -0.0890570 -0.0998650 -0.0669696 -0.0575945 -0.0849968 -0.0942297 -0.0520408 0.0229630 -0.0118645 -0.0605194 -0.0444693 -0.242987 0.0297691 -0.00650982 -0.0585944 0.0365055 0.208322 0.256012 -0.151624 -0.267625
  8:     90599.450: 0.00106441 0.377450 0.430096 0.0473663  2.27901 -0.0605574 -0.0685365 -0.0611959 -0.103753 -0.0890680 -0.0998355 -0.0669042 -0.0575238 -0.0850562 -0.0942041 -0.0521300 0.0239518 -0.00903770 -0.0592236 -0.0446459 -0.242975 0.0298835 -0.00648797 -0.0586891 0.0365772 0.207545 0.258797 -0.151596 -0.270060
  9:     90597.156:  0.00000 0.378338 0.432010 0.0373446  2.27375 -0.0614551 -0.0686778 -0.0611559 -0.103829 -0.0891294 -0.0998582 -0.0668899 -0.0575062 -0.0851839 -0.0942423 -0.0523064 0.0226246 -0.00691278 -0.0578534 -0.0448314 -0.242961 0.0300192 -0.00646349 -0.0581488 0.0350826 0.206818 0.261043 -0.151788 -0.272955
 10:     90591.242:  0.00000 0.378982 0.431961 0.0454185  2.25309 -0.0617648 -0.0688178 -0.0609595 -0.103930 -0.0891906 -0.0998107 -0.0667401 -0.0573429 -0.0853890 -0.0942034 -0.0526192 0.0225048 -0.00122872 -0.0542104 -0.0453415 -0.242922 0.0303736 -0.00639790 -0.0595057 0.0340876 0.205273 0.267741 -0.151974 -0.279915
 11:     90586.932: 0.00416377 0.372986 0.425049 0.0415567  2.27250 -0.0564970 -0.0683178 -0.0606265 -0.103821 -0.0890500 -0.0995724 -0.0664208 -0.0570018 -0.0853188 -0.0939356 -0.0525887 0.0266792 0.00277788 -0.0516860 -0.0457040 -0.242897 0.0306375 -0.00634749 -0.0607966 0.0367762 0.204342 0.274792 -0.151733 -0.283944
 12:     90581.940:  0.00000 0.376107 0.428240 0.0449491  2.27189 -0.0566159 -0.0683706 -0.0605535 -0.103866 -0.0890829 -0.0995620 -0.0663679 -0.0569440 -0.0854078 -0.0939304 -0.0527123 0.0246901 0.00342499 -0.0504931 -0.0458747 -0.242882 0.0307869 -0.00632177 -0.0581450 0.0335873 0.203987 0.277086 -0.152038 -0.286666
 13:     90580.670:  0.00000 0.377319 0.430592 0.0385450  2.27171 -0.0567286 -0.0683947 -0.0603939 -0.103879 -0.0890751 -0.0994881 -0.0662328 -0.0567975 -0.0854694 -0.0938515 -0.0528217 0.0233854 0.00432076 -0.0488015 -0.0461235 -0.242860 0.0310092 -0.00628306 -0.0608741 0.0362373 0.203618 0.280873 -0.152414 -0.290188
 14:     90577.840: 0.00175199 0.376574 0.429178 0.0449888  2.27604 -0.0552341 -0.0684120 -0.0603946 -0.104024 -0.0892066 -0.0995711 -0.0662714 -0.0568365 -0.0856940 -0.0939694 -0.0531024 0.0240006 0.00495415 -0.0474818 -0.0463350 -0.242843 0.0311940 -0.00625042 -0.0621021 0.0354061 0.203150 0.282898 -0.152977 -0.294358
 15:     90577.657:  0.00000 0.377472 0.431013 0.0384978  2.27431 -0.0558780 -0.0684457 -0.0602670 -0.104003 -0.0891695 -0.0994928 -0.0661542 -0.0567100 -0.0856922 -0.0938779 -0.0531267 0.0231257 0.00512379 -0.0465448 -0.0464773 -0.242829 0.0313374 -0.00622592 -0.0588460 0.0325041 0.203138 0.285348 -0.153298 -0.296104
 16:     90574.170:  0.00000 0.377709 0.431163 0.0424525  2.27421 -0.0559165 -0.0684567 -0.0602285 -0.104010 -0.0891713 -0.0994764 -0.0661212 -0.0566741 -0.0857117 -0.0938594 -0.0531583 0.0230636 0.00525871 -0.0461384 -0.0465421 -0.242823 0.0313990 -0.00621532 -0.0600969 0.0336953 0.203109 0.286295 -0.153455 -0.297024
 17:     90568.707: 2.60154e-09 0.378298 0.432901 0.0449919  2.27314 -0.0563844 -0.0685740 -0.0597194 -0.104082 -0.0891756 -0.0992511 -0.0656911 -0.0562072 -0.0859433 -0.0936155 -0.0535502 0.0224503 0.00689816 -0.0411003 -0.0473454 -0.242747 0.0321854 -0.00607951 -0.0624947 0.0354546 0.202856 0.298230 -0.155468 -0.308582
 18:     90562.610:  0.00000 0.379342 0.431022 0.0422861  2.25580 -0.0558743 -0.0685331 -0.0585444 -0.104021 -0.0889662 -0.0986190 -0.0646615 -0.0551034 -0.0861292 -0.0929018 -0.0539802 0.0248630 0.00101901 -0.0350011 -0.0486515 -0.242585 0.0339069 -0.00578716 -0.0574509 0.0297670 0.208601 0.318159 -0.162051 -0.328393
 19:     90558.546: 1.85057e-09 0.378734 0.431484 0.0436796  2.25779 -0.0557912 -0.0683918 -0.0583158 -0.103865 -0.0887972 -0.0984137 -0.0644218 -0.0548492 -0.0859501 -0.0926499 -0.0537981 0.0241874 0.00193752 -0.0345904 -0.0487307 -0.242573 0.0340309 -0.00576544 -0.0611635 0.0355313 0.209289 0.320824 -0.162317 -0.328551
 20:     90557.231: 1.46719e-09 0.377820 0.431975 0.0402868  2.26033 -0.0557100 -0.0682079 -0.0579822 -0.103661 -0.0885727 -0.0981302 -0.0640818 -0.0544891 -0.0857260 -0.0923082 -0.0535813 0.0233989 0.00330787 -0.0338942 -0.0488681 -0.242551 0.0342514 -0.00572696 -0.0567925 0.0338018 0.210442 0.324761 -0.162915 -0.329500
 21:     90554.351:  0.00000 0.378664 0.432354 0.0439894  2.26296 -0.0562747 -0.0681532 -0.0576798 -0.103546 -0.0884333 -0.0979197 -0.0637968 -0.0541880 -0.0856297 -0.0920624 -0.0535201 0.0222076 0.00324210 -0.0334470 -0.0490344 -0.242519 0.0345987 -0.00566857 -0.0586331 0.0368824 0.212627 0.328117 -0.164598 -0.332201
 22:     90553.553: 0.00153016 0.377153 0.430036 0.0405837  2.26560 -0.0546369 -0.0681366 -0.0576227 -0.103665 -0.0885334 -0.0979650 -0.0637882 -0.0541799 -0.0858297 -0.0921433 -0.0537759 0.0236658 0.00317348 -0.0328637 -0.0492149 -0.242491 0.0348936 -0.00561745 -0.0597822 0.0360322 0.213830 0.329686 -0.166178 -0.336741
 23:     90552.871:  0.00000 0.378035 0.431943 0.0454439  2.26532 -0.0555319 -0.0680958 -0.0574118 -0.103539 -0.0883955 -0.0977895 -0.0635747 -0.0539546 -0.0856920 -0.0919322 -0.0536466 0.0227138 0.00421765 -0.0325263 -0.0492914 -0.242475 0.0350597 -0.00558914 -0.0569352 0.0348723 0.214846 0.331962 -0.166875 -0.337430
 24:     90550.089:  0.00000 0.378429 0.432347 0.0416483  2.26717 -0.0561167 -0.0680657 -0.0570991 -0.103450 -0.0882773 -0.0975934 -0.0632958 -0.0536624 -0.0856387 -0.0917156 -0.0536430 0.0221396 0.00427466 -0.0324367 -0.0494490 -0.242432 0.0355201 -0.00551137 -0.0577627 0.0363647 0.218057 0.335098 -0.169604 -0.341047
 25:     90549.708: 0.00100632 0.377579 0.430701 0.0450964  2.26869 -0.0550957 -0.0680847 -0.0570048 -0.103554 -0.0883602 -0.0976137 -0.0632526 -0.0536189 -0.0858242 -0.0917680 -0.0538911 0.0232524 0.00429062 -0.0319687 -0.0496291 -0.242397 0.0358935 -0.00544733 -0.0602338 0.0369909 0.219870 0.336989 -0.171838 -0.345871
 26:     90548.267:  0.00000 0.377430 0.431897 0.0408785  2.26800 -0.0558339 -0.0680669 -0.0568089 -0.103467 -0.0882579 -0.0974694 -0.0630668 -0.0534237 -0.0857434 -0.0916036 -0.0538306 0.0228674 0.00522522 -0.0316476 -0.0497156 -0.242375 0.0361199 -0.00540857 -0.0566917 0.0345477 0.221149 0.339279 -0.173012 -0.347340
 27:     90544.444:  0.00000 0.378767 0.432846 0.0440302  2.26969 -0.0570649 -0.0680024 -0.0561890 -0.103273 -0.0880002 -0.0970679 -0.0625089 -0.0528435 -0.0856036 -0.0911605 -0.0537725 0.0212913 0.00512641 -0.0321556 -0.0499289 -0.242280 0.0371372 -0.00523716 -0.0571900 0.0363401 0.228563 0.345549 -0.179841 -0.353629
 28:     90543.763: 0.000166364 0.377911 0.432225 0.0404961  2.26955 -0.0569786 -0.0680254 -0.0561099 -0.103302 -0.0880173 -0.0970494 -0.0624560 -0.0527891 -0.0856722 -0.0911551 -0.0538724 0.0221904 0.00534754 -0.0318401 -0.0500205 -0.242258 0.0373689 -0.00519744 -0.0581831 0.0367117 0.229613 0.346999 -0.181213 -0.356101
 29:     90542.770:  0.00000 0.377770 0.432118 0.0444279  2.26908 -0.0570248 -0.0680230 -0.0560166 -0.103292 -0.0879967 -0.0969999 -0.0623782 -0.0527092 -0.0856799 -0.0911072 -0.0538955 0.0226531 0.00564365 -0.0317604 -0.0500708 -0.242238 0.0375759 -0.00516216 -0.0577399 0.0362843 0.230820 0.348271 -0.182529 -0.357715
 30:     90534.125:  0.00000 0.375143 0.429921 0.0420722  2.26614 -0.0559744 -0.0676708 -0.0544246 -0.102932 -0.0874484 -0.0960655 -0.0610425 -0.0513576 -0.0855077 -0.0901973 -0.0538587 0.0264458 0.00433967 -0.0362740 -0.0502470 -0.241888 0.0413330 -0.00452645 -0.0593473 0.0389654 0.258687 0.364275 -0.209860 -0.379096
 31:     90528.249:  0.00000 0.378156 0.431102 0.0414053  2.26464 -0.0570837 -0.0672386 -0.0526087 -0.102295 -0.0866223 -0.0948485 -0.0594299 -0.0497122 -0.0849685 -0.0889281 -0.0534225 0.0213189 0.00479497 -0.0375015 -0.0505299 -0.241529 0.0451604 -0.00388010 -0.0503447 0.0333884 0.283047 0.386824 -0.235260 -0.399168
 32:     90522.628: 0.00211104 0.381829 0.430061 0.0445850  2.27224 -0.0560273 -0.0670255 -0.0520880 -0.102130 -0.0863905 -0.0945176 -0.0589906 -0.0492733 -0.0848358 -0.0886083 -0.0533057 0.0170757 0.000765707 -0.0371854 -0.0505682 -0.241378 0.0467899 -0.00360795 -0.0580559 0.0396338 0.291339 0.395999 -0.245285 -0.407730
 33:     90518.715:  0.00000 0.376790 0.433564 0.0379890  2.26648 -0.0587287 -0.0669040 -0.0514452 -0.101752 -0.0859647 -0.0940096 -0.0584000 -0.0486775 -0.0844194 -0.0880755 -0.0529140 0.0236119 0.00426192 -0.0362987 -0.0505606 -0.241219 0.0484915 -0.00331882 -0.0537225 0.0374724 0.299453 0.405958 -0.254751 -0.415445
 34:     90512.319:  0.00000 0.376613 0.434095 0.0444797  2.26279 -0.0601950 -0.0665778 -0.0507822 -0.101248 -0.0854245 -0.0934454 -0.0577945 -0.0480819 -0.0838321 -0.0874915 -0.0522944 0.0237805 0.00786922 -0.0354468 -0.0503830 -0.241009 0.0507389 -0.00293893 -0.0563009 0.0416306 0.309735 0.417069 -0.266183 -0.424777
 35:     90508.092: 0.00140790 0.379283 0.430418 0.0423193  2.26760 -0.0584135 -0.0662407 -0.0502669 -0.101006 -0.0851471 -0.0931044 -0.0573813 -0.0476843 -0.0836285 -0.0872005 -0.0520692 0.0181786 0.00480526 -0.0348971 -0.0503656 -0.240810 0.0528738 -0.00258155 -0.0547988 0.0386179 0.319628 0.426199 -0.276731 -0.436901
 36:     90504.617:  0.00000 0.377925 0.433371 0.0434680  2.26692 -0.0595080 -0.0659966 -0.0496111 -0.100623 -0.0847341 -0.0926020 -0.0567893 -0.0470860 -0.0832809 -0.0866884 -0.0517476 0.0267781 0.00390837 -0.0333717 -0.0505663 -0.240605 0.0550790 -0.00221083 -0.0565504 0.0415339 0.328077 0.437458 -0.285839 -0.448977
 37:     90501.744:  0.00000 0.370550 0.433801 0.0381616  2.25879 -0.0619700 -0.0653140 -0.0483403 -0.0996465 -0.0837120 -0.0915149 -0.0555870 -0.0458885 -0.0822624 -0.0855400 -0.0507813 0.0186911 0.00999766 -0.0334634 -0.0505960 -0.240120 0.0602783 -0.00133561 -0.0524653 0.0395618 0.349049 0.458709 -0.308170 -0.470103
 38:     90492.747:  0.00000 0.382470 0.429133 0.0446361  2.26658 -0.0598161 -0.0643570 -0.0470440 -0.0987353 -0.0827506 -0.0904627 -0.0543674 -0.0446641 -0.0813526 -0.0844651 -0.0498159 0.0179486 0.00830269 -0.0335547 -0.0508171 -0.239618 0.0656387 -0.000438443 -0.0520409 0.0410005 0.369593 0.480617 -0.329741 -0.491744
 39:     90490.669:  0.00000 0.379824 0.430983 0.0385821  2.26738 -0.0598372 -0.0634107 -0.0456276 -0.0976755 -0.0816780 -0.0892692 -0.0530118 -0.0432883 -0.0802584 -0.0832281 -0.0488050 0.0171618 -0.00458826 -0.0309762 -0.0511320 -0.239007 0.0722707 0.000662054 -0.0529730 0.0452188 0.390338 0.501732 -0.351111 -0.514578
 40:     90485.673: 0.00263838 0.375739 0.432729 0.0455633  2.26366 -0.0571384 -0.0627933 -0.0456770 -0.0972533 -0.0813387 -0.0891126 -0.0530083 -0.0433156 -0.0797635 -0.0831116 -0.0483325 0.0175148 0.00457354 -0.0296434 -0.0510593 -0.238676 0.0758088 0.00125501 -0.0530246 0.0415170 0.394336 0.504830 -0.356036 -0.522851
 41:     90483.756:  0.00000 0.376181 0.432375 0.0410661  2.26368 -0.0571247 -0.0627820 -0.0456463 -0.0972425 -0.0813252 -0.0890904 -0.0529801 -0.0432852 -0.0797583 -0.0830882 -0.0483337 0.0192887 0.00486501 -0.0294689 -0.0510967 -0.238667 0.0759071 0.00127184 -0.0524213 0.0409502 0.394328 0.505485 -0.356174 -0.523361
 42:     90483.047:  0.00000 0.377675 0.431537 0.0443564  2.26313 -0.0565221 -0.0626645 -0.0455662 -0.0971632 -0.0812442 -0.0890044 -0.0528948 -0.0431969 -0.0796817 -0.0829983 -0.0482504 0.0216187 0.00749456 -0.0295332 -0.0511505 -0.238605 0.0765513 0.00138036 -0.0525728 0.0409738 0.394822 0.507179 -0.357201 -0.524559
 43:     90482.299:  0.00000 0.377597 0.431123 0.0418335  2.26247 -0.0558886 -0.0624826 -0.0453986 -0.0970185 -0.0810927 -0.0888364 -0.0527198 -0.0430158 -0.0795484 -0.0828152 -0.0481233 0.0219128 0.00978258 -0.0298820 -0.0512120 -0.238498 0.0776813 0.00156914 -0.0527990 0.0409104 0.396237 0.509934 -0.359440 -0.526521
 44:     90481.673: 0.000587066 0.377524 0.432045 0.0432031  2.26281 -0.0559119 -0.0622954 -0.0451720 -0.0968159 -0.0808827 -0.0886052 -0.0524759 -0.0427606 -0.0793445 -0.0825431 -0.0479529 0.0216768 0.00922472 -0.0297836 -0.0512869 -0.238374 0.0790265 0.00179161 -0.0527804 0.0406727 0.397907 0.513490 -0.361905 -0.528848
 45:     90480.993:  0.00000 0.375837 0.430789 0.0413439  2.26305 -0.0551447 -0.0618581 -0.0446611 -0.0964017 -0.0804685 -0.0881286 -0.0519609 -0.0422236 -0.0789789 -0.0820155 -0.0476172 0.0200434 0.00711928 -0.0287524 -0.0514836 -0.238089 0.0820892 0.00229699 -0.0535861 0.0414601 0.401868 0.518183 -0.365294 -0.535922
 46:     90479.917:  0.00000 0.378552 0.429892 0.0427650  2.26480 -0.0538212 -0.0612671 -0.0440944 -0.0958605 -0.0799414 -0.0875733 -0.0513903 -0.0416380 -0.0784847 -0.0814286 -0.0470789 0.0214511 0.00776696 -0.0275078 -0.0516126 -0.237759 0.0856115 0.00287896 -0.0514390 0.0397459 0.406742 0.521620 -0.368583 -0.542466
 47:     90479.651:  0.00000 0.377455 0.430614 0.0436790  2.26274 -0.0530996 -0.0609231 -0.0436260 -0.0955478 -0.0796018 -0.0871742 -0.0509413 -0.0411870 -0.0781885 -0.0810539 -0.0467761 0.0221905 0.0117568 -0.0282323 -0.0516500 -0.237505 0.0883007 0.00332540 -0.0548580 0.0423375 0.410998 0.525911 -0.374659 -0.545031
 48:     90479.205: 0.00148686 0.378306 0.433114 0.0402229  2.26181 -0.0533319 -0.0605457 -0.0431371 -0.0951183 -0.0791440 -0.0866948 -0.0504383 -0.0406802 -0.0777126 -0.0805613 -0.0463058 0.0229840 0.0116515 -0.0289163 -0.0516155 -0.237226 0.0913000 0.00381956 -0.0532451 0.0399403 0.414252 0.532017 -0.380978 -0.545948
 49:     90478.310:  0.00000 0.377867 0.432597 0.0441115  2.26152 -0.0533468 -0.0605320 -0.0430967 -0.0951015 -0.0791255 -0.0866669 -0.0504023 -0.0406438 -0.0777054 -0.0805368 -0.0463010 0.0229344 0.0109603 -0.0288187 -0.0516386 -0.237202 0.0915553 0.00386104 -0.0536284 0.0401635 0.414280 0.532502 -0.381184 -0.546555
 50:     90477.639:  0.00000 0.377576 0.431738 0.0422398  2.26159 -0.0529234 -0.0603224 -0.0428697 -0.0949034 -0.0789346 -0.0864613 -0.0501886 -0.0404320 -0.0775232 -0.0803404 -0.0460920 0.0224487 0.0101538 -0.0286646 -0.0516318 -0.237068 0.0929873 0.00409551 -0.0534580 0.0398786 0.415873 0.533256 -0.381801 -0.549400
 51:     90477.296:  0.00000 0.377373 0.431688 0.0434072  2.26196 -0.0529263 -0.0601237 -0.0425827 -0.0946843 -0.0787141 -0.0862063 -0.0499118 -0.0401522 -0.0773226 -0.0800750 -0.0458907 0.0224319 0.00940272 -0.0283559 -0.0516702 -0.236923 0.0945320 0.00434843 -0.0537456 0.0402984 0.417651 0.534964 -0.383140 -0.551902
 52:     90476.706: 0.000391793 0.377666 0.431691 0.0422899  2.26150 -0.0527292 -0.0596656 -0.0420369 -0.0942055 -0.0782200 -0.0857085 -0.0493814 -0.0396211 -0.0768231 -0.0795544 -0.0454308 0.0217805 0.0103479 -0.0284911 -0.0516935 -0.236620 0.0977500 0.00487652 -0.0536019 0.0400344 0.421625 0.538849 -0.387862 -0.554905
 53:     90475.932:  0.00000 0.377103 0.430824 0.0441104  2.25663 -0.0506801 -0.0579793 -0.0407060 -0.0925704 -0.0765985 -0.0843208 -0.0480344 -0.0382805 -0.0749549 -0.0781959 -0.0439245 0.0225286 0.00923570 -0.0294061 -0.0516424 -0.235633 0.108227 0.00658218 -0.0524477 0.0394782 0.424317 0.547456 -0.393662 -0.559744
 54:     90474.629:  0.00000 0.377477 0.432809 0.0427026  2.25958 -0.0502269 -0.0563187 -0.0391774 -0.0908114 -0.0749052 -0.0827683 -0.0465005 -0.0367314 -0.0731616 -0.0765931 -0.0424051 0.0240713 0.00843051 -0.0272073 -0.0517572 -0.234653 0.118631 0.00827220 -0.0527797 0.0422783 0.430747 0.549372 -0.394741 -0.569701
 55:     90474.436:  0.00000 0.377292 0.432440 0.0425917  2.25944 -0.0502307 -0.0563217 -0.0391597 -0.0908143 -0.0749062 -0.0827593 -0.0464856 -0.0367160 -0.0731748 -0.0765856 -0.0424180 0.0237011 0.00837431 -0.0270760 -0.0517809 -0.234644 0.118726 0.00828770 -0.0517726 0.0411445 0.430768 0.549719 -0.394939 -0.570070
 56:     90474.359: 6.20603e-10 0.377130 0.431964 0.0429560  2.25924 -0.0502347 -0.0563253 -0.0391214 -0.0908176 -0.0749048 -0.0827374 -0.0464521 -0.0366810 -0.0731964 -0.0765647 -0.0424377 0.0232441 0.00827329 -0.0268339 -0.0518267 -0.234627 0.118908 0.00831767 -0.0526117 0.0417987 0.430826 0.550419 -0.395314 -0.570742
 57:     90474.229: 1.86762e-05 0.377144 0.431841 0.0424550  2.25916 -0.0501304 -0.0562951 -0.0390272 -0.0907911 -0.0748708 -0.0826645 -0.0463628 -0.0365891 -0.0732116 -0.0764916 -0.0424196 0.0231431 0.00842684 -0.0266180 -0.0518767 -0.234583 0.119360 0.00839089 -0.0519884 0.0410630 0.431312 0.551008 -0.396057 -0.571273
 58:     90474.131: 8.56746e-06 0.377182 0.431792 0.0430506  2.25912 -0.0500453 -0.0562536 -0.0389150 -0.0907506 -0.0748214 -0.0825764 -0.0462561 -0.0364793 -0.0732144 -0.0764018 -0.0423891 0.0230839 0.00853590 -0.0264077 -0.0519300 -0.234532 0.119903 0.00847906 -0.0523902 0.0413808 0.431896 0.551703 -0.396861 -0.571935
 59:     90474.020: 4.30884e-07 0.377170 0.431782 0.0424382  2.25909 -0.0499501 -0.0562036 -0.0387884 -0.0907019 -0.0747636 -0.0824759 -0.0461353 -0.0363553 -0.0732204 -0.0762997 -0.0423490 0.0230461 0.00863650 -0.0263060 -0.0519767 -0.234473 0.120521 0.00857892 -0.0521754 0.0410961 0.432549 0.552371 -0.397762 -0.572458
 60:     90473.846: 3.50185e-05 0.377293 0.431816 0.0431105  2.25912 -0.0497422 -0.0560541 -0.0385070 -0.0905522 -0.0746075 -0.0822429 -0.0458658 -0.0360808 -0.0731795 -0.0760628 -0.0422171 0.0229921 0.00889749 -0.0263410 -0.0520315 -0.234330 0.122016 0.00882032 -0.0523025 0.0411229 0.434130 0.553553 -0.399567 -0.573623
 61:     90473.559:  0.00000 0.377439 0.431821 0.0421314  2.25852 -0.0491032 -0.0556757 -0.0379170 -0.0901833 -0.0742352 -0.0817232 -0.0452988 -0.0355139 -0.0729787 -0.0755450 -0.0417843 0.0228935 0.00867141 -0.0272873 -0.0519507 -0.233967 0.125792 0.00942504 -0.0522395 0.0406938 0.436741 0.556159 -0.403143 -0.574713
 62:     90473.092: 4.50621e-05 0.377763 0.431182 0.0429601  2.25849 -0.0467452 -0.0543190 -0.0368717 -0.0888849 -0.0730060 -0.0805983 -0.0442901 -0.0345483 -0.0714455 -0.0744678 -0.0402232 0.0233464 0.00974052 -0.0250127 -0.0516548 -0.232975 0.136063 0.0110654 -0.0521973 0.0403412 0.440738 0.557158 -0.404278 -0.580493
 63:     90473.081:  0.00000 0.376048 0.432276 0.0422479  2.25656 -0.0458857 -0.0532825 -0.0358226 -0.0878286 -0.0719443 -0.0795109 -0.0432304 -0.0334933 -0.0701944 -0.0733883 -0.0390385 0.0231013 0.00587902 -0.0243572 -0.0518783 -0.232045 0.145655 0.0125846 -0.0544393 0.0422908 0.439559 0.563569 -0.406591 -0.581546
 64:     90472.564:  0.00000 0.376429 0.432429 0.0436169  2.25617 -0.0462295 -0.0528437 -0.0352977 -0.0873348 -0.0714173 -0.0790008 -0.0426896 -0.0329339 -0.0696019 -0.0728547 -0.0386804 0.0229913 0.00525796 -0.0255697 -0.0521978 -0.231626 0.149957 0.0132655 -0.0520336 0.0398078 0.439434 0.566043 -0.407671 -0.582985
 65:     90472.209:  0.00000 0.377122 0.431523 0.0420180  2.25598 -0.0470779 -0.0529541 -0.0349914 -0.0874111 -0.0713861 -0.0788561 -0.0423447 -0.0325077 -0.0698802 -0.0726293 -0.0394011 0.0226301 0.00888306 -0.0295035 -0.0530268 -0.231551 0.150585 0.0133572 -0.0530088 0.0405971 0.440393 0.567065 -0.410093 -0.584543
 66:     90472.052:  0.00000 0.377038 0.431823 0.0436898  2.25507 -0.0473612 -0.0526804 -0.0343784 -0.0871045 -0.0710383 -0.0783756 -0.0417348 -0.0318650 -0.0697098 -0.0721478 -0.0392336 0.0226031 0.00842916 -0.0272785 -0.0530548 -0.231128 0.154837 0.0140244 -0.0531918 0.0408406 0.442870 0.568382 -0.413219 -0.584616
 67:     90471.788:  0.00000 0.376598 0.432713 0.0422725  2.25584 -0.0478725 -0.0524060 -0.0338636 -0.0867763 -0.0707077 -0.0779594 -0.0412608 -0.0313917 -0.0695134 -0.0717390 -0.0388352 0.0223676 0.00762725 -0.0241684 -0.0524970 -0.230725 0.158868 0.0146530 -0.0525115 0.0412270 0.446186 0.568120 -0.414527 -0.585672
 68:     90471.542:  0.00000 0.376930 0.432090 0.0431192  2.25449 -0.0467971 -0.0520443 -0.0336341 -0.0864554 -0.0704274 -0.0776809 -0.0410907 -0.0312833 -0.0692172 -0.0715459 -0.0382130 0.0228822 0.00707806 -0.0277550 -0.0518241 -0.230305 0.163062 0.0153066 -0.0522787 0.0409391 0.446109 0.570112 -0.414332 -0.588111
 69:     90471.449:  0.00000 0.377000 0.431593 0.0417277  2.25293 -0.0453514 -0.0515625 -0.0335054 -0.0860135 -0.0700372 -0.0774675 -0.0410193 -0.0312527 -0.0685149 -0.0713685 -0.0376136 0.0230420 0.00760114 -0.0277702 -0.0526886 -0.229798 0.168107 0.0160952 -0.0526870 0.0412419 0.445722 0.572900 -0.415827 -0.589267
 70:     90471.122:  0.00000 0.376841 0.431962 0.0430037  2.25378 -0.0448099 -0.0511008 -0.0332881 -0.0855325 -0.0695795 -0.0771822 -0.0408014 -0.0310177 -0.0677970 -0.0709968 -0.0373251 0.0225437 0.00888906 -0.0264155 -0.0539628 -0.229288 0.173122 0.0168763 -0.0523487 0.0415000 0.446866 0.574586 -0.417624 -0.591264
 71:     90470.912:  0.00000 0.376856 0.432232 0.0421313  2.25432 -0.0454931 -0.0508734 -0.0325644 -0.0853054 -0.0692432 -0.0765890 -0.0399128 -0.0299915 -0.0681990 -0.0701895 -0.0378104 0.0223987 0.00822837 -0.0272240 -0.0523210 -0.228880 0.177043 0.0174801 -0.0520155 0.0411553 0.450467 0.574536 -0.419740 -0.593364
 72:     90470.743:  0.00000 0.377136 0.431799 0.0430768  2.25210 -0.0454844 -0.0506179 -0.0319530 -0.0850571 -0.0689528 -0.0761031 -0.0392873 -0.0293759 -0.0680897 -0.0697627 -0.0372199 0.0229139 0.00698391 -0.0254207 -0.0514892 -0.228413 0.181577 0.0181839 -0.0526548 0.0413042 0.452760 0.575740 -0.421937 -0.593024
 73:     90470.518:  0.00000 0.376820 0.432177 0.0423855  2.25173 -0.0451506 -0.0502461 -0.0315356 -0.0846201 -0.0685906 -0.0757521 -0.0391049 -0.0293691 -0.0670585 -0.0698123 -0.0356332 0.0229870 0.00735424 -0.0258056 -0.0529382 -0.227867 0.186910 0.0190153 -0.0521816 0.0414773 0.453305 0.578166 -0.422042 -0.594966
 74:     90470.403:  0.00000 0.376616 0.432491 0.0436522  2.25543 -0.0426636 -0.0489073 -0.0311854 -0.0833423 -0.0673889 -0.0750997 -0.0387061 -0.0288297 -0.0660626 -0.0684853 -0.0369356 0.0218995 0.00919836 -0.0287219 -0.0518709 -0.226923 0.195851 0.0203976 -0.0515872 0.0422369 0.452708 0.580226 -0.425985 -0.601250
 75:     90470.152:  0.00000 0.377303 0.430666 0.0420677  2.25262 -0.0388860 -0.0478387 -0.0311770 -0.0824969 -0.0665105 -0.0746030 -0.0382419 -0.0279984 -0.0659437 -0.0669780 -0.0386308 0.0220586 0.0110124 -0.0231950 -0.0521836 -0.226034 0.203931 0.0216354 -0.0517034 0.0409191 0.454888 0.582107 -0.432345 -0.601174
 76:     90469.728:  0.00000 0.377158 0.431365 0.0429694  2.24851 -0.0398782 -0.0477082 -0.0302163 -0.0822955 -0.0662044 -0.0738154 -0.0371232 -0.0268816 -0.0654445 -0.0666970 -0.0353791 0.0227086 0.00885081 -0.0243118 -0.0557201 -0.225190 0.211903 0.0228716 -0.0533261 0.0412600 0.461725 0.586269 -0.430460 -0.601527
 77:     90469.711:  0.00000 0.376883 0.432201 0.0415107  2.24909 -0.0442136 -0.0478121 -0.0279683 -0.0821855 -0.0660204 -0.0725756 -0.0354798 -0.0258901 -0.0645001 -0.0675919 -0.0311260 0.0231387 0.00619259 -0.0269216 -0.0481462 -0.224435 0.218836 0.0239446 -0.0522570 0.0405949 0.462774 0.587070 -0.432091 -0.604711
 78:     90469.545:  0.00000 0.377055 0.431889 0.0437747  2.24927 -0.0449978 -0.0474926 -0.0268316 -0.0817277 -0.0656220 -0.0718483 -0.0348767 -0.0256163 -0.0639502 -0.0673684 -0.0309386 0.0232457 0.00666018 -0.0246853 -0.0474154 -0.223924 0.223290 0.0246306 -0.0519479 0.0413014 0.462049 0.586842 -0.435092 -0.606065
 79:     90469.254:  0.00000 0.377044 0.431774 0.0426050  2.24833 -0.0434240 -0.0469491 -0.0269944 -0.0811932 -0.0650975 -0.0716904 -0.0348163 -0.0252251 -0.0640665 -0.0658983 -0.0330097 0.0228876 0.00683599 -0.0241498 -0.0520421 -0.223635 0.225805 0.0250200 -0.0517720 0.0415413 0.464426 0.587797 -0.435169 -0.606257
 80:     90469.191:  0.00000 0.376997 0.431849 0.0434819  2.24646 -0.0406647 -0.0463726 -0.0277393 -0.0808632 -0.0647252 -0.0718984 -0.0349767 -0.0249194 -0.0640401 -0.0653532 -0.0328820 0.0231875 0.00869359 -0.0234194 -0.0509268 -0.223290 0.228805 0.0254886 -0.0519668 0.0419432 0.467437 0.590833 -0.434762 -0.607024
 81:     90469.010:  0.00000 0.377051 0.431705 0.0423118  2.24727 -0.0391258 -0.0458890 -0.0277059 -0.0804881 -0.0643701 -0.0717386 -0.0348803 -0.0249367 -0.0632352 -0.0659608 -0.0311646 0.0231640 0.00860712 -0.0228630 -0.0506124 -0.222808 0.233032 0.0261457 -0.0514812 0.0417877 0.466534 0.591129 -0.438602 -0.608921
 82:     90468.930:  0.00000 0.377199 0.431509 0.0429186  2.24908 -0.0395700 -0.0455863 -0.0267601 -0.0799998 -0.0639437 -0.0710251 -0.0342861 -0.0246352 -0.0626168 -0.0652255 -0.0321461 0.0228252 0.00776997 -0.0235186 -0.0539629 -0.222450 0.236148 0.0266300 -0.0515653 0.0418748 0.465628 0.590574 -0.441844 -0.611165
 83:     90468.841:  0.00000 0.377109 0.431359 0.0423611  2.24737 -0.0413326 -0.0453408 -0.0253194 -0.0795218 -0.0635093 -0.0700345 -0.0333889 -0.0239007 -0.0624751 -0.0634634 -0.0338638 0.0225308 0.00769434 -0.0237523 -0.0517545 -0.222058 0.239440 0.0271431 -0.0518970 0.0414036 0.468104 0.592990 -0.440652 -0.611398
 84:     90468.757:  0.00000 0.377008 0.431579 0.0431701  2.24586 -0.0403715 -0.0449832 -0.0255945 -0.0793740 -0.0632648 -0.0702071 -0.0333392 -0.0234749 -0.0626971 -0.0647119 -0.0299616 0.0229749 0.00834372 -0.0231031 -0.0496332 -0.221608 0.243139 0.0277228 -0.0518301 0.0416028 0.469895 0.594583 -0.441077 -0.612023
 85:     90468.708:  0.00000 0.376897 0.432005 0.0421973  2.24588 -0.0373494 -0.0445917 -0.0270232 -0.0793957 -0.0631413 -0.0709853 -0.0336588 -0.0233461 -0.0622559 -0.0662114 -0.0265941 0.0235239 0.00860157 -0.0228699 -0.0507866 -0.221193 0.246499 0.0282536 -0.0511783 0.0420740 0.470428 0.594562 -0.443133 -0.613335
 86:     90468.597:  0.00000 0.377163 0.432103 0.0428599  2.24522 -0.0347501 -0.0443122 -0.0275071 -0.0792326 -0.0630458 -0.0708145 -0.0337711 -0.0239678 -0.0602551 -0.0643149 -0.0303491 0.0234753 0.00804309 -0.0229604 -0.0518256 -0.220769 0.249883 0.0287912 -0.0505554 0.0428560 0.471396 0.595274 -0.443949 -0.614205
 87:     90468.508:  0.00000 0.377264 0.431576 0.0424680  2.24546 -0.0385963 -0.0442873 -0.0251925 -0.0786715 -0.0626040 -0.0694979 -0.0327529 -0.0227723 -0.0628967 -0.0642096 -0.0288317 0.0227622 0.00826275 -0.0225470 -0.0525243 -0.220418 0.252683 0.0292368 -0.0508091 0.0425178 0.472160 0.596433 -0.444316 -0.615253
 88:     90468.489:  0.00000 0.376807 0.431827 0.0433126  2.24678 -0.0414948 -0.0438091 -0.0237641 -0.0780489 -0.0618706 -0.0691210 -0.0318571 -0.0217587 -0.0613688 -0.0638083 -0.0298231 0.0233906 0.00875593 -0.0230043 -0.0510753 -0.219971 0.256488 0.0298477 -0.0519156 0.0417083 0.471647 0.597204 -0.446357 -0.616902
 89:     90468.396:  0.00000 0.376682 0.431770 0.0423437  2.24636 -0.0387673 -0.0435490 -0.0246955 -0.0781612 -0.0619404 -0.0695781 -0.0324083 -0.0229874 -0.0580003 -0.0630261 -0.0311527 0.0233483 0.00867367 -0.0242348 -0.0493430 -0.219597 0.259507 0.0303321 -0.0523204 0.0408849 0.473365 0.598782 -0.447390 -0.617761
 90:     90468.327:  0.00000 0.376965 0.431698 0.0429460  2.24532 -0.0342462 -0.0436712 -0.0265214 -0.0785741 -0.0624348 -0.0698318 -0.0330033 -0.0235237 -0.0601987 -0.0633838 -0.0286382 0.0229631 0.00825294 -0.0247419 -0.0502066 -0.219441 0.260511 0.0304939 -0.0521589 0.0410721 0.475729 0.599866 -0.446832 -0.618105
 91:     90468.285:  0.00000 0.377237 0.432229 0.0423014  2.24527 -0.0345722 -0.0434927 -0.0259412 -0.0781068 -0.0619975 -0.0689455 -0.0320105 -0.0212574 -0.0634416 -0.0634660 -0.0289410 0.0234335 0.00806482 -0.0221360 -0.0517953 -0.219114 0.263074 0.0309105 -0.0504335 0.0432024 0.474615 0.599686 -0.446806 -0.619832
 92:     90468.245:  0.00000 0.377310 0.432075 0.0431592  2.24386 -0.0377528 -0.0434402 -0.0246051 -0.0779197 -0.0617408 -0.0692382 -0.0320797 -0.0219426 -0.0594777 -0.0638704 -0.0286684 0.0235573 0.00867306 -0.0213440 -0.0539646 -0.218841 0.265187 0.0312541 -0.0492447 0.0437389 0.476247 0.600432 -0.447604 -0.620217
 93:     90468.156:  0.00000 0.377147 0.431915 0.0424944  2.24435 -0.0382487 -0.0429698 -0.0242195 -0.0776090 -0.0614270 -0.0696220 -0.0325247 -0.0235906 -0.0570507 -0.0632822 -0.0273935 0.0231588 0.00870301 -0.0226907 -0.0521646 -0.218482 0.268225 0.0317498 -0.0498990 0.0438092 0.478171 0.601432 -0.451305 -0.621336
 94:     90468.097:  0.00000 0.376802 0.431742 0.0428545  2.24471 -0.0355179 -0.0426049 -0.0246418 -0.0773474 -0.0611545 -0.0686690 -0.0315744 -0.0216248 -0.0602829 -0.0620877 -0.0294123 0.0232612 0.00868584 -0.0239806 -0.0511678 -0.218155 0.271092 0.0322135 -0.0508403 0.0421579 0.478318 0.602571 -0.452177 -0.622064
 95:     90468.073:  0.00000 0.376951 0.431658 0.0423778  2.24554 -0.0345252 -0.0432886 -0.0244123 -0.0775433 -0.0613754 -0.0678258 -0.0308003 -0.0204588 -0.0572246 -0.0634383 -0.0305718 0.0233270 0.00838011 -0.0231886 -0.0509309 -0.217766 0.274302 0.0327327 -0.0531874 0.0406292 0.477716 0.604315 -0.449905 -0.623373
 96:     90468.012:  0.00000 0.377288 0.431931 0.0430460  2.24599 -0.0364585 -0.0423347 -0.0236303 -0.0768430 -0.0607453 -0.0688010 -0.0320489 -0.0237939 -0.0562605 -0.0599429 -0.0284726 0.0233626 0.00852563 -0.0227840 -0.0513352 -0.217471 0.276464 0.0330905 -0.0530800 0.0400568 0.478908 0.605016 -0.450378 -0.624591
 97:     90467.960:  0.00000 0.377301 0.432149 0.0423115  2.24405 -0.0376455 -0.0413871 -0.0229475 -0.0763456 -0.0601885 -0.0685825 -0.0313714 -0.0219881 -0.0578524 -0.0615794 -0.0281908 0.0233630 0.00913040 -0.0238692 -0.0534134 -0.217259 0.277907 0.0333386 -0.0512665 0.0418600 0.482309 0.605279 -0.452470 -0.624570
 98:     90467.957:  0.00000 0.377109 0.432104 0.0431424  2.24347 -0.0366510 -0.0418106 -0.0231080 -0.0765601 -0.0603400 -0.0676482 -0.0303965 -0.0197610 -0.0578854 -0.0640230 -0.0280726 0.0228894 0.00897604 -0.0238079 -0.0510804 -0.217044 0.279714 0.0336384 -0.0493463 0.0445178 0.483086 0.605072 -0.455644 -0.625879
 99:     90467.895:  0.00000 0.376908 0.431885 0.0424714  2.24286 -0.0360233 -0.0424931 -0.0233305 -0.0768032 -0.0606250 -0.0674529 -0.0304380 -0.0205794 -0.0580476 -0.0622813 -0.0269199 0.0229760 0.00890134 -0.0231115 -0.0508102 -0.216883 0.281135 0.0338673 -0.0484212 0.0448872 0.482595 0.605390 -0.456152 -0.626598
100:     90467.867:  0.00000 0.376956 0.431780 0.0429227  2.24273 -0.0364386 -0.0416574 -0.0228271 -0.0762445 -0.0600540 -0.0680972 -0.0310194 -0.0218731 -0.0586004 -0.0611766 -0.0265273 0.0232955 0.00881934 -0.0232957 -0.0521042 -0.216741 0.282400 0.0340728 -0.0491778 0.0441295 0.482565 0.606406 -0.455924 -0.626761
101:     90467.843:  0.00000 0.377089 0.431895 0.0425006  2.24414 -0.0367485 -0.0407937 -0.0229656 -0.0759644 -0.0598022 -0.0682956 -0.0311881 -0.0215469 -0.0578531 -0.0619199 -0.0272437 0.0232761 0.00872688 -0.0233725 -0.0521247 -0.216628 0.283273 0.0342186 -0.0507426 0.0425601 0.483192 0.607103 -0.456197 -0.627168
102:     90467.819:  0.00000 0.377055 0.431943 0.0428043  2.24463 -0.0362731 -0.0426519 -0.0231657 -0.0769071 -0.0608016 -0.0673619 -0.0302607 -0.0208025 -0.0567083 -0.0613541 -0.0272111 0.0231661 0.00878963 -0.0230397 -0.0518614 -0.216507 0.284193 0.0343731 -0.0511092 0.0422491 0.483706 0.607205 -0.456403 -0.627764
103:     90467.795:  0.00000 0.376845 0.431877 0.0425516  2.24238 -0.0349001 -0.0418906 -0.0213210 -0.0755538 -0.0589264 -0.0678187 -0.0309781 -0.0226725 -0.0580000 -0.0613333 -0.0275655 0.0230601 0.00867849 -0.0226842 -0.0505189 -0.216202 0.286713 0.0347912 -0.0484884 0.0449969 0.483940 0.607629 -0.456764 -0.629033
104:     90467.783:  0.00000 0.377171 0.431749 0.0430710  2.24015 -0.0356445 -0.0390727 -0.0232728 -0.0750688 -0.0591662 -0.0679967 -0.0310263 -0.0197097 -0.0581305 -0.0620855 -0.0269387 0.0231701 0.00871421 -0.0234452 -0.0507976 -0.215883 0.289366 0.0352329 -0.0462536 0.0464690 0.484671 0.609117 -0.457564 -0.630068
105:     90467.745:  0.00000 0.377208 0.431830 0.0423234  2.24038 -0.0364295 -0.0399641 -0.0248411 -0.0764380 -0.0611476 -0.0665673 -0.0293441 -0.0180819 -0.0584162 -0.0588099 -0.0249221 0.0233156 0.00886122 -0.0244188 -0.0515300 -0.215562 0.292104 0.0356889 -0.0469377 0.0464157 0.485084 0.610087 -0.459232 -0.631061
106:     90467.699:  0.00000 0.377110 0.431972 0.0429477  2.24313 -0.0355652 -0.0417139 -0.0224741 -0.0762582 -0.0601033 -0.0656129 -0.0284718 -0.0196890 -0.0585598 -0.0604624 -0.0251861 0.0232951 0.00894956 -0.0244435 -0.0524713 -0.215449 0.293095 0.0358513 -0.0499896 0.0433675 0.486003 0.610388 -0.459789 -0.631209
107:     90467.693:  0.00000 0.376845 0.431933 0.0424120  2.24502 -0.0347828 -0.0414911 -0.0212459 -0.0750810 -0.0588619 -0.0670474 -0.0300678 -0.0181829 -0.0570029 -0.0635271 -0.0263395 0.0231074 0.00892297 -0.0234372 -0.0531495 -0.215281 0.294476 0.0360737 -0.0523436 0.0407884 0.487554 0.610777 -0.459564 -0.631392
108:     90467.676:  0.00000 0.376962 0.431925 0.0429774  2.24553 -0.0353070 -0.0395761 -0.0225252 -0.0748291 -0.0589883 -0.0677353 -0.0305734 -0.0179593 -0.0566424 -0.0622600 -0.0267891 0.0230755 0.00884547 -0.0228358 -0.0526539 -0.215160 0.295474 0.0362354 -0.0529827 0.0404746 0.488031 0.611194 -0.459974 -0.631774
109:     90467.646:  0.00000 0.377140 0.431944 0.0426296  2.24511 -0.0355535 -0.0395974 -0.0228400 -0.0755591 -0.0594470 -0.0662212 -0.0287813 -0.0194775 -0.0567697 -0.0615680 -0.0271398 0.0232071 0.00892161 -0.0228930 -0.0526095 -0.215039 0.296405 0.0363911 -0.0526123 0.0406104 0.488549 0.611886 -0.460517 -0.631997
110:     90467.630:  0.00000 0.377128 0.431891 0.0428400  2.24443 -0.0354754 -0.0416050 -0.0217666 -0.0756031 -0.0595966 -0.0666798 -0.0298885 -0.0184281 -0.0567122 -0.0605481 -0.0265105 0.0232317 0.00891050 -0.0234795 -0.0529410 -0.214958 0.297013 0.0364946 -0.0520393 0.0413224 0.488627 0.612330 -0.460711 -0.632480
111:     90467.624:  0.00000 0.376872 0.431826 0.0424194  2.24459 -0.0359385 -0.0398994 -0.0231973 -0.0749576 -0.0596279 -0.0676384 -0.0299562 -0.0179857 -0.0566716 -0.0603025 -0.0255751 0.0230947 0.00880822 -0.0237234 -0.0531257 -0.214798 0.298281 0.0367076 -0.0518705 0.0413876 0.488537 0.612525 -0.460877 -0.633503
112:     90467.607:  0.00000 0.376895 0.431825 0.0428717  2.24435 -0.0360465 -0.0382547 -0.0239645 -0.0750758 -0.0596154 -0.0664926 -0.0286019 -0.0190133 -0.0567819 -0.0613603 -0.0255225 0.0230863 0.00882033 -0.0237720 -0.0530764 -0.214666 0.299325 0.0368824 -0.0516341 0.0417496 0.488736 0.612938 -0.461189 -0.634063
113:     90467.589:  0.00000 0.377212 0.431977 0.0426299  2.24394 -0.0354967 -0.0385681 -0.0223443 -0.0755422 -0.0589954 -0.0655012 -0.0291633 -0.0187442 -0.0570844 -0.0615920 -0.0263108 0.0232299 0.00892742 -0.0235700 -0.0523283 -0.214510 0.300602 0.0370928 -0.0512764 0.0419283 0.489349 0.613688 -0.462334 -0.634198
114:     90467.580:  0.00000 0.377098 0.431985 0.0428692  2.24389 -0.0354186 -0.0394696 -0.0226812 -0.0741153 -0.0589311 -0.0671361 -0.0277679 -0.0184533 -0.0571147 -0.0604783 -0.0266503 0.0231883 0.00894738 -0.0232108 -0.0522081 -0.214392 0.301595 0.0372567 -0.0515198 0.0418874 0.489942 0.613920 -0.462564 -0.634470
115:     90467.568:  0.00000 0.376815 0.431892 0.0425373  2.24351 -0.0353845 -0.0386016 -0.0234505 -0.0746884 -0.0595714 -0.0651551 -0.0280937 -0.0187404 -0.0566093 -0.0598265 -0.0261570 0.0231212 0.00894490 -0.0229674 -0.0528100 -0.214220 0.303030 0.0374958 -0.0513592 0.0418390 0.490584 0.614033 -0.462238 -0.634997
116:     90467.562:  0.00000 0.376892 0.431819 0.0429013  2.24377 -0.0350169 -0.0376012 -0.0226643 -0.0767087 -0.0589902 -0.0645503 -0.0293067 -0.0184891 -0.0561811 -0.0599529 -0.0251773 0.0230697 0.00887017 -0.0231709 -0.0530197 -0.214109 0.303904 0.0376428 -0.0517254 0.0416764 0.490678 0.614317 -0.462366 -0.635517
117:     90467.545:  0.00000 0.377171 0.431812 0.0426237  2.24398 -0.0347261 -0.0382835 -0.0223012 -0.0752250 -0.0586906 -0.0661518 -0.0279572 -0.0186441 -0.0559902 -0.0609485 -0.0244046 0.0231032 0.00879641 -0.0236990 -0.0530041 -0.214008 0.304647 0.0377709 -0.0517708 0.0414791 0.490636 0.614893 -0.462832 -0.635972
118:     90467.541:  0.00000 0.377097 0.431956 0.0428813  2.24404 -0.0349809 -0.0387138 -0.0228981 -0.0727110 -0.0591933 -0.0650508 -0.0290224 -0.0184943 -0.0562335 -0.0607929 -0.0250375 0.0232109 0.00883953 -0.0237956 -0.0529978 -0.213928 0.305278 0.0378778 -0.0517703 0.0415679 0.490890 0.615164 -0.463140 -0.636224
119:     90467.529:  0.00000 0.376909 0.432075 0.0425623  2.24401 -0.0350864 -0.0377248 -0.0225586 -0.0744480 -0.0582403 -0.0657810 -0.0292232 -0.0176291 -0.0566488 -0.0596250 -0.0261609 0.0232713 0.00891833 -0.0235847 -0.0530051 -0.213799 0.306331 0.0380541 -0.0516243 0.0415916 0.491279 0.615353 -0.463430 -0.636479
120:     90467.525:  0.00000 0.376899 0.431969 0.0429102  2.24345 -0.0348036 -0.0374503 -0.0218444 -0.0761572 -0.0583977 -0.0669392 -0.0273294 -0.0176671 -0.0566488 -0.0596660 -0.0261373 0.0231984 0.00896117 -0.0233277 -0.0530516 -0.213669 0.307412 0.0382330 -0.0513113 0.0420098 0.491590 0.615722 -0.463545 -0.636742
121:     90467.512:  0.00000 0.377030 0.431708 0.0425913  2.24307 -0.0346826 -0.0384847 -0.0222950 -0.0752581 -0.0589666 -0.0653381 -0.0270006 -0.0185874 -0.0563859 -0.0604613 -0.0250164 0.0230195 0.00892868 -0.0229380 -0.0528167 -0.213515 0.308704 0.0384425 -0.0512831 0.0420285 0.491932 0.616259 -0.463911 -0.637097
122:     90467.506:  0.00000 0.377195 0.431820 0.0428658  2.24395 -0.0347118 -0.0390809 -0.0226159 -0.0747583 -0.0579380 -0.0642541 -0.0289388 -0.0182187 -0.0562771 -0.0596101 -0.0246486 0.0230684 0.00888346 -0.0231342 -0.0526660 -0.213430 0.309279 0.0385402 -0.0520461 0.0412089 0.492392 0.616322 -0.464391 -0.637497
123:     90467.497:  0.00000 0.377085 0.432003 0.0425707  2.24407 -0.0341654 -0.0376604 -0.0207280 -0.0745279 -0.0598450 -0.0646487 -0.0292781 -0.0182606 -0.0562287 -0.0594394 -0.0250749 0.0232058 0.00886257 -0.0235996 -0.0528341 -0.213368 0.309640 0.0386076 -0.0520479 0.0412254 0.492737 0.616457 -0.464537 -0.637822
124:     90467.486:  0.00000 0.376946 0.432009 0.0427826  2.24318 -0.0343449 -0.0378655 -0.0217072 -0.0748376 -0.0576036 -0.0646874 -0.0282092 -0.0183376 -0.0559476 -0.0599461 -0.0254781 0.0232555 0.00884844 -0.0238791 -0.0531144 -0.213282 0.310276 0.0387194 -0.0512827 0.0420443 0.492953 0.616943 -0.464567 -0.638134
125:     90467.483:  0.00000 0.377046 0.431864 0.0425617  2.24340 -0.0342791 -0.0381411 -0.0224174 -0.0748353 -0.0575736 -0.0659211 -0.0276193 -0.0168378 -0.0559069 -0.0592645 -0.0250621 0.0231072 0.00895638 -0.0231171 -0.0527755 -0.213077 0.312036 0.0390087 -0.0513342 0.0416883 0.493016 0.617550 -0.465348 -0.638712
126:     90467.483:  0.00000 0.377115 0.431804 0.0429397  2.24387 -0.0339941 -0.0371652 -0.0213387 -0.0741688 -0.0597191 -0.0663777 -0.0275741 -0.0167631 -0.0562547 -0.0590403 -0.0248229 0.0230250 0.00898829 -0.0227217 -0.0524858 -0.212938 0.313241 0.0392062 -0.0519710 0.0414398 0.493090 0.617870 -0.465868 -0.639157
127:     90467.468:  0.00000 0.377057 0.431853 0.0425787  2.24366 -0.0342051 -0.0373486 -0.0211709 -0.0741519 -0.0590305 -0.0657110 -0.0271541 -0.0176217 -0.0565688 -0.0592568 -0.0250202 0.0230885 0.00896908 -0.0230107 -0.0527297 -0.212897 0.313589 0.0392661 -0.0518687 0.0415598 0.493368 0.617903 -0.465721 -0.639264
128:     90467.464:  0.00000 0.377041 0.431898 0.0428242  2.24290 -0.0340438 -0.0379842 -0.0207750 -0.0744457 -0.0592730 -0.0653449 -0.0269842 -0.0175587 -0.0563382 -0.0592666 -0.0251960 0.0231687 0.00898266 -0.0232554 -0.0530899 -0.212886 0.313630 0.0392759 -0.0511679 0.0419698 0.493742 0.617950 -0.465408 -0.639193
129:     90467.457:  0.00000 0.377009 0.431918 0.0427141  2.24275 -0.0339477 -0.0380253 -0.0210368 -0.0747452 -0.0579869 -0.0650363 -0.0275883 -0.0177148 -0.0560955 -0.0591889 -0.0252208 0.0231593 0.00891727 -0.0233786 -0.0530130 -0.212875 0.313873 0.0393180 -0.0512536 0.0421595 0.494010 0.618206 -0.465554 -0.639335
130:     90467.456: 2.12069e-10 0.377022 0.431918 0.0426961  2.24278 -0.0339399 -0.0380361 -0.0210241 -0.0747342 -0.0579822 -0.0650293 -0.0275870 -0.0177140 -0.0561020 -0.0591762 -0.0252265 0.0231445 0.00891721 -0.0233805 -0.0530097 -0.212874 0.313883 0.0393197 -0.0511487 0.0420784 0.494026 0.618248 -0.465536 -0.639396
131:     90467.454: 2.66517e-10 0.377037 0.431917 0.0427342  2.24280 -0.0339286 -0.0380530 -0.0210054 -0.0747180 -0.0579757 -0.0650193 -0.0275854 -0.0177132 -0.0561128 -0.0591575 -0.0252357 0.0231304 0.00891687 -0.0233833 -0.0530047 -0.212873 0.313899 0.0393222 -0.0511922 0.0421528 0.494049 0.618308 -0.465512 -0.639491
132:     90467.452:  0.00000 0.377034 0.431914 0.0426584  2.24286 -0.0338896 -0.0379791 -0.0209382 -0.0746544 -0.0580578 -0.0649901 -0.0275762 -0.0177164 -0.0561304 -0.0591436 -0.0252223 0.0231244 0.00891951 -0.0233752 -0.0529883 -0.212859 0.314066 0.0393498 -0.0511577 0.0420674 0.494087 0.618392 -0.465581 -0.639628
133:     90467.450:  0.00000 0.377034 0.431906 0.0427442  2.24297 -0.0338272 -0.0377868 -0.0208465 -0.0745379 -0.0581420 -0.0649264 -0.0275572 -0.0177356 -0.0561637 -0.0591267 -0.0251570 0.0231274 0.00892490 -0.0233501 -0.0529578 -0.212821 0.314497 0.0394207 -0.0512906 0.0420192 0.494153 0.618506 -0.465806 -0.639804
134:     90467.446:  0.00000 0.377031 0.431896 0.0426377  2.24296 -0.0337114 -0.0375398 -0.0206037 -0.0743040 -0.0584068 -0.0648612 -0.0274551 -0.0176976 -0.0561396 -0.0590549 -0.0250368 0.0231483 0.00893583 -0.0233112 -0.0529321 -0.212734 0.315476 0.0395828 -0.0513300 0.0419471 0.494382 0.618718 -0.466225 -0.640063
135:     90467.441:  0.00000 0.377061 0.431932 0.0427669  2.24291 -0.0340272 -0.0378752 -0.0208673 -0.0740118 -0.0571210 -0.0648250 -0.0271141 -0.0177670 -0.0561383 -0.0586512 -0.0248876 0.0232185 0.00891624 -0.0233634 -0.0527483 -0.212576 0.317220 0.0398802 -0.0514348 0.0416405 0.495095 0.619030 -0.466677 -0.640419
136:     90467.433:  0.00000 0.377016 0.431902 0.0427267  2.24172 -0.0335937 -0.0383550 -0.0204194 -0.0738451 -0.0578291 -0.0645639 -0.0273086 -0.0172412 -0.0554229 -0.0588173 -0.0249918 0.0231708 0.00889440 -0.0233352 -0.0527787 -0.212466 0.318059 0.0400343 -0.0507765 0.0426898 0.495660 0.619673 -0.466592 -0.640649
137:     90467.426:  0.00000 0.376944 0.431947 0.0427079  2.24322 -0.0328737 -0.0381880 -0.0202957 -0.0743238 -0.0579713 -0.0640560 -0.0277106 -0.0173430 -0.0558439 -0.0589013 -0.0248985 0.0230195 0.00892975 -0.0233516 -0.0529535 -0.212406 0.317760 0.0399939 -0.0514939 0.0416627 0.495183 0.619995 -0.467062 -0.641442
138:     90467.422:  0.00000 0.377230 0.432006 0.0427645  2.24378 -0.0334977 -0.0374648 -0.0193978 -0.0737901 -0.0583542 -0.0646802 -0.0267416 -0.0175017 -0.0564118 -0.0580659 -0.0251636 0.0230894 0.00897095 -0.0237219 -0.0532318 -0.212221 0.318397 0.0400807 -0.0518170 0.0415324 0.495373 0.619932 -0.467385 -0.642251
139:     90467.419:  0.00000 0.377033 0.431915 0.0425871  2.24241 -0.0335345 -0.0370587 -0.0192350 -0.0734258 -0.0584739 -0.0647231 -0.0269233 -0.0171462 -0.0560178 -0.0579754 -0.0250438 0.0231941 0.00896276 -0.0235318 -0.0531422 -0.212078 0.319603 0.0402647 -0.0507914 0.0423130 0.495915 0.620558 -0.467491 -0.642387
140:     90467.413:  0.00000 0.376974 0.431869 0.0428325  2.24157 -0.0330766 -0.0368881 -0.0193151 -0.0733670 -0.0587748 -0.0646138 -0.0272578 -0.0168274 -0.0557104 -0.0580015 -0.0247254 0.0232335 0.00898341 -0.0232472 -0.0530034 -0.211901 0.321371 0.0405483 -0.0504603 0.0428780 0.496555 0.621276 -0.468037 -0.642643
141:     90467.410: 0.000112805 0.376961 0.431951 0.0426636  2.24196 -0.0328328 -0.0374119 -0.0196493 -0.0735969 -0.0587522 -0.0644986 -0.0270907 -0.0168390 -0.0558366 -0.0580536 -0.0245848 0.0231497 0.00901430 -0.0232153 -0.0529375 -0.211890 0.321792 0.0406273 -0.0508265 0.0424700 0.496710 0.621360 -0.468304 -0.642754
142:     90467.407:  0.00000 0.377057 0.431886 0.0428268  2.24207 -0.0327588 -0.0379303 -0.0196594 -0.0734825 -0.0587043 -0.0642661 -0.0269231 -0.0166403 -0.0556125 -0.0582893 -0.0248191 0.0231275 0.00896608 -0.0233020 -0.0529280 -0.211888 0.322178 0.0407075 -0.0507974 0.0424380 0.496928 0.621353 -0.468298 -0.642876
143:     90467.404:  0.00000 0.377058 0.431850 0.0426248  2.24195 -0.0329382 -0.0381049 -0.0193503 -0.0732331 -0.0581756 -0.0639874 -0.0270366 -0.0162776 -0.0553096 -0.0583795 -0.0249713 0.0231331 0.00896248 -0.0232905 -0.0529667 -0.211848 0.322808 0.0407546 -0.0508362 0.0424310 0.497013 0.621564 -0.468360 -0.643044
144:     90467.403: 8.05144e-05 0.377042 0.431903 0.0427347  2.24176 -0.0330092 -0.0379972 -0.0192495 -0.0731795 -0.0579644 -0.0639817 -0.0270539 -0.0162856 -0.0552908 -0.0582435 -0.0248754 0.0231245 0.00898670 -0.0232655 -0.0529903 -0.211826 0.322965 0.0407460 -0.0508536 0.0424558 0.497045 0.621759 -0.468407 -0.643105
145:     90467.403:  0.00000 0.377024 0.431918 0.0426028  2.24194 -0.0328885 -0.0379826 -0.0193579 -0.0732646 -0.0579763 -0.0640300 -0.0270052 -0.0164129 -0.0553790 -0.0581467 -0.0247946 0.0231269 0.00898685 -0.0232707 -0.0529757 -0.211815 0.323035 0.0407519 -0.0509020 0.0422956 0.497167 0.621827 -0.468463 -0.643188
146:     90467.400:  0.00000 0.377030 0.431924 0.0427474  2.24198 -0.0328490 -0.0379774 -0.0194097 -0.0732954 -0.0579840 -0.0640528 -0.0269884 -0.0164726 -0.0554143 -0.0581147 -0.0247686 0.0231248 0.00898533 -0.0232756 -0.0529704 -0.211808 0.323081 0.0407565 -0.0509697 0.0423128 0.497221 0.621864 -0.468496 -0.643231
147:     90467.400:  0.00000 0.377023 0.431927 0.0426904  2.24203 -0.0328100 -0.0379625 -0.0194755 -0.0733404 -0.0579803 -0.0640719 -0.0269815 -0.0165371 -0.0554689 -0.0580887 -0.0247342 0.0231241 0.00898564 -0.0232781 -0.0529648 -0.211793 0.323187 0.0407694 -0.0509875 0.0422823 0.497277 0.621907 -0.468559 -0.643297
148:     90467.399:  0.00000 0.377021 0.431926 0.0427471  2.24204 -0.0327436 -0.0379018 -0.0195537 -0.0733957 -0.0579635 -0.0640917 -0.0269780 -0.0166212 -0.0555399 -0.0580521 -0.0246742 0.0231270 0.00898672 -0.0232771 -0.0529567 -0.211748 0.323499 0.0408109 -0.0509662 0.0423108 0.497382 0.621995 -0.468705 -0.643428
149:     90467.398: 5.01690e-05 0.377026 0.431921 0.0426916  2.24165 -0.0328199 -0.0377665 -0.0193645 -0.0732469 -0.0578015 -0.0639838 -0.0269851 -0.0165033 -0.0554344 -0.0580643 -0.0246963 0.0231346 0.00899050 -0.0232566 -0.0529555 -0.211674 0.324036 0.0408942 -0.0507128 0.0425621 0.497411 0.622149 -0.468845 -0.643558
150:     90467.396:  0.00000 0.377013 0.431939 0.0427678  2.24191 -0.0325621 -0.0377916 -0.0193278 -0.0732295 -0.0577082 -0.0639278 -0.0267124 -0.0165308 -0.0553657 -0.0578230 -0.0245412 0.0231327 0.00899865 -0.0232643 -0.0529150 -0.211635 0.324370 0.0409585 -0.0509990 0.0422561 0.497662 0.622306 -0.468906 -0.643675
151:     90467.395:  0.00000 0.376989 0.431952 0.0426318  2.24228 -0.0323875 -0.0379644 -0.0194434 -0.0732923 -0.0577064 -0.0639594 -0.0265263 -0.0165908 -0.0553522 -0.0576979 -0.0244320 0.0231200 0.00899556 -0.0233016 -0.0528879 -0.211620 0.324559 0.0410027 -0.0513783 0.0418996 0.497908 0.622414 -0.468984 -0.643801
152:     90467.393:  0.00000 0.377006 0.431924 0.0427184  2.24239 -0.0326757 -0.0381618 -0.0195729 -0.0733668 -0.0577652 -0.0640551 -0.0268923 -0.0165132 -0.0554890 -0.0580569 -0.0246600 0.0231146 0.00897264 -0.0233163 -0.0529029 -0.211603 0.324764 0.0410447 -0.0512164 0.0420561 0.497921 0.622424 -0.469155 -0.644050
153:     90467.393:  0.00000 0.377210 0.431921 0.0426059  2.24164 -0.0324628 -0.0378856 -0.0190650 -0.0728249 -0.0574270 -0.0637727 -0.0268119 -0.0166969 -0.0554218 -0.0575991 -0.0247690 0.0231634 0.00897460 -0.0232877 -0.0530354 -0.211541 0.325311 0.0411345 -0.0507093 0.0424577 0.498082 0.622925 -0.469197 -0.644250
154:     90467.390:  0.00000 0.377114 0.431928 0.0427763  2.24163 -0.0322970 -0.0377297 -0.0188771 -0.0727438 -0.0571998 -0.0634608 -0.0265318 -0.0166152 -0.0553963 -0.0574107 -0.0245675 0.0231625 0.00901643 -0.0232818 -0.0530853 -0.211490 0.325727 0.0412036 -0.0509257 0.0423939 0.498090 0.622993 -0.469305 -0.644355
155:     90467.388:  0.00000 0.377046 0.431942 0.0426732  2.24186 -0.0323147 -0.0376541 -0.0189036 -0.0729118 -0.0571914 -0.0633787 -0.0264354 -0.0163780 -0.0553441 -0.0575654 -0.0244260 0.0231519 0.00902717 -0.0233334 -0.0530037 -0.211419 0.326263 0.0412901 -0.0510092 0.0422597 0.498186 0.622990 -0.469524 -0.644657
156:     90467.387:  0.00000 0.377035 0.431937 0.0427435  2.24206 -0.0322859 -0.0376136 -0.0190641 -0.0730717 -0.0573155 -0.0637230 -0.0266216 -0.0164215 -0.0553569 -0.0575747 -0.0244514 0.0231144 0.00898256 -0.0233824 -0.0528934 -0.211353 0.326670 0.0413516 -0.0511247 0.0421411 0.498496 0.623160 -0.469782 -0.644818
157:     90467.386:  0.00000 0.377015 0.431930 0.0427020  2.24222 -0.0322510 -0.0379286 -0.0190780 -0.0730731 -0.0572585 -0.0635754 -0.0264387 -0.0165992 -0.0555047 -0.0574459 -0.0243919 0.0231406 0.00902679 -0.0232917 -0.0530625 -0.211281 0.327207 0.0414416 -0.0512679 0.0420083 0.498540 0.623278 -0.469965 -0.644934
158:     90467.384: 4.99129e-06 0.377038 0.431955 0.0427333  2.24165 -0.0320545 -0.0373313 -0.0189438 -0.0725460 -0.0568630 -0.0629819 -0.0258915 -0.0161354 -0.0552238 -0.0573929 -0.0242685 0.0231197 0.00907752 -0.0233229 -0.0526776 -0.211223 0.327687 0.0415368 -0.0510870 0.0421731 0.498755 0.623516 -0.469732 -0.645185
159:     90467.384: 4.69158e-07 0.377038 0.431950 0.0427043  2.24165 -0.0320532 -0.0373355 -0.0189402 -0.0725446 -0.0568586 -0.0629828 -0.0258938 -0.0161373 -0.0552251 -0.0573886 -0.0242694 0.0231217 0.00906764 -0.0233253 -0.0526800 -0.211223 0.327689 0.0415372 -0.0510863 0.0421760 0.498758 0.623522 -0.469735 -0.645198
160:     90467.384:  0.00000 0.377041 0.431945 0.0427246  2.24165 -0.0320513 -0.0373416 -0.0189352 -0.0725425 -0.0568524 -0.0629841 -0.0258971 -0.0161399 -0.0552269 -0.0573824 -0.0242706 0.0231237 0.00905514 -0.0233286 -0.0526833 -0.211222 0.327693 0.0415378 -0.0510855 0.0421802 0.498763 0.623531 -0.469740 -0.645216
161:     90467.384:  0.00000 0.377041 0.431942 0.0426931  2.24165 -0.0320401 -0.0373445 -0.0189144 -0.0725398 -0.0568303 -0.0629921 -0.0259084 -0.0161318 -0.0552171 -0.0573700 -0.0242680 0.0231250 0.00904048 -0.0233340 -0.0526893 -0.211221 0.327715 0.0415418 -0.0510721 0.0421878 0.498773 0.623547 -0.469755 -0.645246
162:     90467.384:  0.00000 0.377044 0.431943 0.0427232  2.24162 -0.0320152 -0.0373359 -0.0188671 -0.0725406 -0.0567830 -0.0630173 -0.0259391 -0.0161023 -0.0551828 -0.0573545 -0.0242585 0.0231254 0.00903415 -0.0233400 -0.0526971 -0.211216 0.327781 0.0415541 -0.0510486 0.0422171 0.498792 0.623570 -0.469791 -0.645284
163:     90467.382:  0.00000 0.377059 0.431962 0.0426849  2.24140 -0.0319139 -0.0372903 -0.0185429 -0.0726210 -0.0564931 -0.0632971 -0.0263042 -0.0159463 -0.0549515 -0.0573393 -0.0242593 0.0231223 0.00905804 -0.0233936 -0.0527789 -0.211156 0.328562 0.0416925 -0.0507710 0.0424782 0.499027 0.623771 -0.470182 -0.645544
164:     90467.381:  0.00000 0.377037 0.431923 0.0427395  2.24154 -0.0322761 -0.0376339 -0.0188589 -0.0727733 -0.0568911 -0.0632939 -0.0265072 -0.0163494 -0.0553469 -0.0575110 -0.0246157 0.0231064 0.00895669 -0.0234774 -0.0530082 -0.211097 0.329031 0.0417533 -0.0507167 0.0425516 0.499276 0.624036 -0.470513 -0.645728
165:     90467.380:  0.00000 0.377040 0.431930 0.0426811  2.24213 -0.0324466 -0.0381025 -0.0188861 -0.0729524 -0.0569957 -0.0634137 -0.0265767 -0.0165850 -0.0552845 -0.0572344 -0.0244028 0.0231743 0.00894641 -0.0232358 -0.0528797 -0.210991 0.329388 0.0418064 -0.0511653 0.0421064 0.499284 0.624217 -0.470734 -0.646052
166:     90467.379:  0.00000 0.377043 0.431933 0.0427441  2.24197 -0.0318456 -0.0378517 -0.0185998 -0.0724444 -0.0566645 -0.0633547 -0.0262598 -0.0164293 -0.0554752 -0.0569850 -0.0239396 0.0231188 0.00897838 -0.0233211 -0.0528453 -0.210919 0.329784 0.0418873 -0.0512949 0.0419555 0.499532 0.624339 -0.470836 -0.646032
167:     90467.379:  0.00000 0.377019 0.431981 0.0426635  2.24181 -0.0314911 -0.0376966 -0.0189964 -0.0722812 -0.0567488 -0.0631662 -0.0258764 -0.0164964 -0.0554073 -0.0571201 -0.0242303 0.0230978 0.00897191 -0.0234831 -0.0530671 -0.210875 0.330386 0.0419939 -0.0509513 0.0423044 0.499761 0.624366 -0.471271 -0.646259
168:     90467.379:  0.00000 0.377021 0.431965 0.0427648  2.24193 -0.0317642 -0.0377332 -0.0190839 -0.0725627 -0.0568632 -0.0631877 -0.0260096 -0.0165481 -0.0554388 -0.0572271 -0.0244573 0.0231052 0.00899789 -0.0234894 -0.0530446 -0.210863 0.330697 0.0420430 -0.0509798 0.0423062 0.499837 0.624422 -0.471308 -0.646383
169:     90467.378:  0.00000 0.377015 0.431925 0.0427002  2.24194 -0.0320117 -0.0376722 -0.0188658 -0.0726958 -0.0568347 -0.0632163 -0.0262076 -0.0164701 -0.0556856 -0.0572410 -0.0244577 0.0230907 0.00900026 -0.0235252 -0.0529825 -0.210848 0.330942 0.0420806 -0.0511179 0.0421526 0.499984 0.624581 -0.471194 -0.646376
170:     90467.378:  0.00000 0.377025 0.431933 0.0427319  2.24175 -0.0318544 -0.0375805 -0.0187372 -0.0724750 -0.0567327 -0.0631632 -0.0260194 -0.0163317 -0.0553423 -0.0571286 -0.0242906 0.0231235 0.00897495 -0.0234477 -0.0529695 -0.210831 0.330860 0.0420637 -0.0510097 0.0422373 0.499958 0.624645 -0.471202 -0.646486
171:     90467.378: 1.48296e-05 0.377037 0.431949 0.0426859  2.24185 -0.0319030 -0.0376914 -0.0188318 -0.0724688 -0.0566897 -0.0631852 -0.0260984 -0.0163373 -0.0552948 -0.0571391 -0.0243436 0.0231165 0.00899689 -0.0233774 -0.0528934 -0.210822 0.330886 0.0420723 -0.0509949 0.0423049 0.499883 0.624636 -0.471259 -0.646607
172:     90467.377:  0.00000 0.377037 0.431940 0.0427520  2.24188 -0.0319609 -0.0377500 -0.0188139 -0.0725559 -0.0566918 -0.0631594 -0.0261796 -0.0163572 -0.0553966 -0.0571524 -0.0243941 0.0231209 0.00901573 -0.0233729 -0.0528551 -0.210807 0.331076 0.0421062 -0.0509569 0.0422825 0.499889 0.624650 -0.471275 -0.646637
173:     90467.377:  0.00000 0.377029 0.431930 0.0427106  2.24170 -0.0318880 -0.0377593 -0.0185323 -0.0726029 -0.0566147 -0.0630269 -0.0260746 -0.0162899 -0.0553651 -0.0570822 -0.0242825 0.0231295 0.00902557 -0.0234569 -0.0528823 -0.210777 0.331418 0.0421676 -0.0509857 0.0422777 0.500001 0.624766 -0.471225 -0.646635
174:     90467.377:  0.00000 0.377056 0.431948 0.0427224  2.24187 -0.0320553 -0.0375478 -0.0187121 -0.0725226 -0.0565692 -0.0631079 -0.0262621 -0.0163048 -0.0554180 -0.0570215 -0.0244048 0.0230917 0.00897549 -0.0233768 -0.0528242 -0.210762 0.331487 0.0421786 -0.0511123 0.0421494 0.500149 0.624932 -0.471340 -0.646769
175:     90467.376:  0.00000 0.377038 0.431949 0.0426910  2.24188 -0.0321757 -0.0377609 -0.0188432 -0.0724164 -0.0566467 -0.0632541 -0.0263135 -0.0164265 -0.0554371 -0.0572426 -0.0243929 0.0231258 0.00900863 -0.0233522 -0.0528887 -0.210733 0.331639 0.0421907 -0.0509608 0.0422786 0.500226 0.625004 -0.471490 -0.646993
176:     90467.376:  0.00000 0.377043 0.431946 0.0427449  2.24179 -0.0319999 -0.0377594 -0.0186548 -0.0723319 -0.0564482 -0.0630838 -0.0261509 -0.0162531 -0.0553444 -0.0571473 -0.0242543 0.0231391 0.00901027 -0.0233796 -0.0528611 -0.210701 0.331906 0.0422335 -0.0509622 0.0423135 0.500185 0.625021 -0.471567 -0.647085
177:     90467.376: 1.29227e-05 0.377041 0.431946 0.0427070  2.24163 -0.0317994 -0.0377342 -0.0184831 -0.0722941 -0.0563493 -0.0629190 -0.0259714 -0.0161565 -0.0551557 -0.0569416 -0.0242123 0.0231398 0.00900336 -0.0234031 -0.0528093 -0.210676 0.332166 0.0422843 -0.0509106 0.0423428 0.500194 0.625041 -0.471598 -0.647094
178:     90467.376:  0.00000 0.377038 0.431945 0.0427239  2.24160 -0.0319151 -0.0378325 -0.0185298 -0.0724856 -0.0564752 -0.0629936 -0.0260634 -0.0163918 -0.0552418 -0.0570231 -0.0242703 0.0231302 0.00904370 -0.0233675 -0.0528137 -0.210636 0.332438 0.0423448 -0.0508005 0.0424568 0.500329 0.625144 -0.471612 -0.647146
179:     90467.376:  0.00000 0.377030 0.431936 0.0427063  2.24159 -0.0318087 -0.0378243 -0.0184382 -0.0723402 -0.0563123 -0.0629943 -0.0260039 -0.0161510 -0.0553379 -0.0570644 -0.0241074 0.0231432 0.00903639 -0.0234241 -0.0528887 -0.210594 0.332705 0.0423858 -0.0509173 0.0423544 0.500441 0.625324 -0.471685 -0.647263
180:     90467.376:  0.00000 0.377043 0.431937 0.0427415  2.24149 -0.0315978 -0.0377327 -0.0183016 -0.0721736 -0.0561846 -0.0628529 -0.0258568 -0.0159865 -0.0551490 -0.0568771 -0.0240525 0.0231285 0.00900886 -0.0234442 -0.0528905 -0.210578 0.332919 0.0424076 -0.0509411 0.0422836 0.500498 0.625360 -0.471770 -0.647332
181:     90467.375:  0.00000 0.377040 0.431933 0.0427006  2.24148 -0.0314631 -0.0376222 -0.0181961 -0.0720864 -0.0560830 -0.0626774 -0.0257916 -0.0158878 -0.0550127 -0.0566789 -0.0240970 0.0231309 0.00901401 -0.0234301 -0.0528079 -0.210564 0.333251 0.0424506 -0.0509974 0.0422641 0.500559 0.625368 -0.471956 -0.647438
182:     90467.375: 1.63307e-05 0.377044 0.431946 0.0427243  2.24149 -0.0315374 -0.0377014 -0.0182305 -0.0721205 -0.0561495 -0.0627618 -0.0258138 -0.0159603 -0.0550445 -0.0567362 -0.0241222 0.0231275 0.00901252 -0.0234503 -0.0528166 -0.210565 0.333253 0.0424585 -0.0509647 0.0422997 0.500608 0.625415 -0.471954 -0.647453
183:     90467.375:  0.00000 0.377042 0.431946 0.0427052  2.24149 -0.0315374 -0.0377010 -0.0182296 -0.0721198 -0.0561477 -0.0627620 -0.0258144 -0.0159610 -0.0550445 -0.0567348 -0.0241210 0.0231266 0.00901146 -0.0234487 -0.0528170 -0.210565 0.333254 0.0424586 -0.0509568 0.0422981 0.500610 0.625421 -0.471953 -0.647453
184:     90467.375:  0.00000 0.377042 0.431946 0.0427225  2.24150 -0.0315432 -0.0376985 -0.0182322 -0.0721223 -0.0561479 -0.0627652 -0.0258167 -0.0159672 -0.0550489 -0.0567370 -0.0241186 0.0231259 0.00900990 -0.0234461 -0.0528178 -0.210563 0.333264 0.0424618 -0.0509509 0.0423090 0.500610 0.625428 -0.471955 -0.647458
185:     90467.375:  0.00000 0.377042 0.431947 0.0427110  2.24150 -0.0315502 -0.0376966 -0.0182372 -0.0721270 -0.0561500 -0.0627710 -0.0258207 -0.0159762 -0.0550553 -0.0567416 -0.0241172 0.0231256 0.00900899 -0.0234443 -0.0528184 -0.210560 0.333277 0.0424660 -0.0509413 0.0423153 0.500611 0.625432 -0.471958 -0.647464
186:     90467.375: 2.92136e-06 0.377042 0.431947 0.0427192  2.24150 -0.0315653 -0.0377052 -0.0182449 -0.0721328 -0.0561603 -0.0627910 -0.0258310 -0.0160015 -0.0550648 -0.0567533 -0.0241157 0.0231244 0.00900784 -0.0234427 -0.0528241 -0.210555 0.333292 0.0424718 -0.0509279 0.0423331 0.500624 0.625446 -0.471958 -0.647476
187:     90467.375:  0.00000 0.377042 0.431947 0.0426994  2.24151 -0.0315908 -0.0377021 -0.0182732 -0.0721576 -0.0561755 -0.0628174 -0.0258576 -0.0160383 -0.0550958 -0.0567751 -0.0241287 0.0231269 0.00900971 -0.0234372 -0.0528198 -0.210541 0.333343 0.0424855 -0.0509038 0.0423448 0.500634 0.625461 -0.471980 -0.647501
188:     90467.375:  0.00000 0.377043 0.431949 0.0427156  2.24152 -0.0316403 -0.0376960 -0.0183241 -0.0722012 -0.0562044 -0.0628582 -0.0259085 -0.0160963 -0.0551518 -0.0568108 -0.0241641 0.0231339 0.00901985 -0.0234276 -0.0528103 -0.210513 0.333470 0.0425095 -0.0508824 0.0423710 0.500668 0.625495 -0.472043 -0.647554
189:     90467.375:  0.00000 0.377035 0.431938 0.0427035  2.24149 -0.0316079 -0.0376751 -0.0182548 -0.0721161 -0.0561282 -0.0628072 -0.0258615 -0.0160475 -0.0550739 -0.0567353 -0.0241007 0.0231133 0.00900657 -0.0234191 -0.0528565 -0.210524 0.333489 0.0424997 -0.0508902 0.0423904 0.500691 0.625522 -0.472039 -0.647583
190:     90467.375:  0.00000 0.377036 0.431946 0.0427168  2.24153 -0.0316217 -0.0377753 -0.0182652 -0.0721236 -0.0561566 -0.0628496 -0.0258657 -0.0160653 -0.0550550 -0.0567599 -0.0241646 0.0231217 0.00899462 -0.0234201 -0.0528810 -0.210551 0.333538 0.0424951 -0.0509004 0.0423497 0.500794 0.625598 -0.472087 -0.647653
191:     90467.375: 3.65036e-06 0.377042 0.431946 0.0427105  2.24154 -0.0316273 -0.0378051 -0.0183085 -0.0721497 -0.0561967 -0.0628884 -0.0259029 -0.0161024 -0.0550830 -0.0567857 -0.0241834 0.0231303 0.00900205 -0.0234405 -0.0528328 -0.210509 0.333699 0.0425463 -0.0509057 0.0423538 0.500818 0.625643 -0.472130 -0.647676
192:     90467.375:  0.00000 0.377042 0.431945 0.0427234  2.24149 -0.0316043 -0.0377430 -0.0182499 -0.0721205 -0.0561447 -0.0628193 -0.0258755 -0.0160589 -0.0550795 -0.0567340 -0.0241141 0.0231260 0.00900514 -0.0234184 -0.0528313 -0.210478 0.333815 0.0425725 -0.0508681 0.0423839 0.500812 0.625637 -0.472161 -0.647695
193:     90467.375:  0.00000 0.377042 0.431949 0.0427050  2.24142 -0.0315853 -0.0376712 -0.0181643 -0.0721102 -0.0560834 -0.0627508 -0.0258430 -0.0160261 -0.0550952 -0.0566879 -0.0240578 0.0231278 0.00900825 -0.0233808 -0.0528538 -0.210459 0.333903 0.0425699 -0.0508318 0.0424276 0.500830 0.625638 -0.472197 -0.647727
194:     90467.375:  0.00000 0.377036 0.431943 0.0427124  2.24149 -0.0315939 -0.0376410 -0.0181978 -0.0721152 -0.0560854 -0.0628301 -0.0258837 -0.0161385 -0.0550623 -0.0567096 -0.0241164 0.0231207 0.00902019 -0.0234101 -0.0528785 -0.210490 0.333888 0.0425257 -0.0508872 0.0423677 0.500836 0.625687 -0.472196 -0.647779
195:     90467.375: 2.14097e-07 0.377040 0.431945 0.0427177  2.24150 -0.0315938 -0.0376418 -0.0181974 -0.0721146 -0.0560837 -0.0628302 -0.0258842 -0.0161375 -0.0550627 -0.0567083 -0.0241153 0.0231233 0.00901667 -0.0234096 -0.0528773 -0.210490 0.333889 0.0425258 -0.0508868 0.0423729 0.500838 0.625694 -0.472196 -0.647778
196:     90467.375: 3.61897e-08 0.377040 0.431946 0.0427129  2.24150 -0.0315939 -0.0376422 -0.0181973 -0.0721144 -0.0560831 -0.0628303 -0.0258845 -0.0161372 -0.0550630 -0.0567078 -0.0241150 0.0231237 0.00901552 -0.0234094 -0.0528768 -0.210490 0.333889 0.0425259 -0.0508846 0.0423721 0.500839 0.625696 -0.472196 -0.647778
197:     90467.375:  0.00000 0.377041 0.431946 0.0427162  2.24150 -0.0315940 -0.0376430 -0.0181971 -0.0721142 -0.0560821 -0.0628305 -0.0258850 -0.0161367 -0.0550635 -0.0567071 -0.0241144 0.0231241 0.00901364 -0.0234091 -0.0528760 -0.210490 0.333889 0.0425260 -0.0508842 0.0423735 0.500841 0.625698 -0.472197 -0.647778
198:     90467.375:  0.00000 0.377041 0.431947 0.0427122  2.24150 -0.0315969 -0.0376474 -0.0182003 -0.0721165 -0.0560839 -0.0628337 -0.0258881 -0.0161367 -0.0550669 -0.0567080 -0.0241168 0.0231241 0.00901226 -0.0234091 -0.0528746 -0.210489 0.333891 0.0425283 -0.0508815 0.0423747 0.500843 0.625701 -0.472197 -0.647780
199:     90467.375:  0.00000 0.377041 0.431947 0.0427157  2.24150 -0.0316034 -0.0376569 -0.0182075 -0.0721220 -0.0560889 -0.0628407 -0.0258944 -0.0161370 -0.0550740 -0.0567106 -0.0241225 0.0231239 0.00901090 -0.0234092 -0.0528725 -0.210488 0.333894 0.0425337 -0.0508782 0.0423788 0.500848 0.625705 -0.472199 -0.647783
200:     90467.375:  0.00000 0.377039 0.431945 0.0427118  2.24152 -0.0316734 -0.0377447 -0.0182780 -0.0721697 -0.0561441 -0.0629010 -0.0259483 -0.0161314 -0.0551297 -0.0567417 -0.0241757 0.0231209 0.00901020 -0.0234121 -0.0528572 -0.210468 0.333952 0.0425962 -0.0508477 0.0424043 0.500896 0.625729 -0.472222 -0.647811
201:     90467.375:  0.00000 0.377039 0.431941 0.0427153  2.24151 -0.0316573 -0.0377081 -0.0182349 -0.0721265 -0.0561182 -0.0628508 -0.0259085 -0.0160899 -0.0550722 -0.0567517 -0.0241316 0.0231242 0.00900957 -0.0234075 -0.0528469 -0.210448 0.334102 0.0425986 -0.0508804 0.0423758 0.500939 0.625769 -0.472285 -0.647838
202:     90467.375:  0.00000 0.377042 0.431952 0.0427104  2.24146 -0.0315395 -0.0377090 -0.0182056 -0.0721116 -0.0560585 -0.0628245 -0.0259012 -0.0160840 -0.0550891 -0.0567062 -0.0241058 0.0231325 0.00899852 -0.0233968 -0.0528567 -0.210448 0.334248 0.0425713 -0.0508655 0.0423955 0.500960 0.625800 -0.472290 -0.647863
203:     90467.375:  0.00000 0.377048 0.431953 0.0427182  2.24144 -0.0315668 -0.0376927 -0.0181949 -0.0720738 -0.0559966 -0.0627857 -0.0258637 -0.0160754 -0.0550781 -0.0566217 -0.0240356 0.0231284 0.00901169 -0.0234241 -0.0528591 -0.210421 0.334176 0.0426826 -0.0508361 0.0424151 0.500965 0.625830 -0.472355 -0.647913
204:     90467.375:  0.00000 0.377043 0.431951 0.0427090  2.24151 -0.0316254 -0.0377358 -0.0181877 -0.0721163 -0.0560345 -0.0628474 -0.0258923 -0.0161397 -0.0551435 -0.0567004 -0.0241031 0.0231212 0.00900724 -0.0234097 -0.0528425 -0.210401 0.334285 0.0426688 -0.0508495 0.0424068 0.500969 0.625836 -0.472368 -0.647926
205:     90467.375: 3.62118e-06 0.377038 0.431949 0.0427176  2.24148 -0.0316294 -0.0377022 -0.0181840 -0.0721186 -0.0560585 -0.0628426 -0.0259143 -0.0161360 -0.0551270 -0.0566959 -0.0240917 0.0231218 0.00900744 -0.0233941 -0.0528642 -0.210400 0.334478 0.0425906 -0.0508551 0.0424019 0.501013 0.625847 -0.472344 -0.647918
206:     90467.375:  0.00000 0.377036 0.431945 0.0427084  2.24145 -0.0315895 -0.0376471 -0.0182096 -0.0721161 -0.0560487 -0.0628014 -0.0259248 -0.0160931 -0.0550795 -0.0566555 -0.0240673 0.0231265 0.00900868 -0.0233985 -0.0528603 -0.210426 0.334350 0.0426605 -0.0508574 0.0423991 0.501055 0.625891 -0.472374 -0.647953
207:     90467.375:  0.00000 0.377041 0.431945 0.0427165  2.24149 -0.0316039 -0.0377021 -0.0182274 -0.0721531 -0.0560625 -0.0628446 -0.0259420 -0.0161276 -0.0551111 -0.0567191 -0.0241253 0.0231252 0.00900654 -0.0233959 -0.0528440 -0.210431 0.334212 0.0427440 -0.0508553 0.0423982 0.501073 0.625927 -0.472417 -0.647994
208:     90467.375: 3.78865e-07 0.377044 0.431947 0.0427125  2.24151 -0.0316247 -0.0377232 -0.0182373 -0.0721437 -0.0560578 -0.0628629 -0.0259383 -0.0161287 -0.0551080 -0.0567184 -0.0241266 0.0231251 0.00900873 -0.0234025 -0.0528487 -0.210407 0.334421 0.0426845 -0.0508604 0.0423969 0.501054 0.625915 -0.472405 -0.647988
209:     90467.375:  0.00000 0.377041 0.431947 0.0427182  2.24147 -0.0316276 -0.0376966 -0.0181878 -0.0720826 -0.0560281 -0.0628551 -0.0259103 -0.0160998 -0.0550963 -0.0566656 -0.0240999 0.0231283 0.00901051 -0.0234084 -0.0528400 -0.210364 0.334575 0.0425851 -0.0508568 0.0423963 0.501062 0.625919 -0.472409 -0.647988
210:     90467.375: 3.60600e-06 0.377041 0.431950 0.0427120  2.24144 -0.0316298 -0.0376989 -0.0181323 -0.0720506 -0.0560164 -0.0628440 -0.0258969 -0.0161091 -0.0550953 -0.0566654 -0.0240596 0.0231262 0.00900640 -0.0234088 -0.0528425 -0.210383 0.334454 0.0427379 -0.0508464 0.0424080 0.501108 0.625944 -0.472434 -0.648014
211:     90467.375:  0.00000 0.377039 0.431949 0.0427168  2.24148 -0.0316361 -0.0377119 -0.0181770 -0.0720943 -0.0560470 -0.0628416 -0.0259465 -0.0161297 -0.0551190 -0.0566990 -0.0240821 0.0231218 0.00900465 -0.0234085 -0.0528437 -0.210416 0.334638 0.0427788 -0.0508537 0.0424061 0.501103 0.625950 -0.472443 -0.648031
212:     90467.375:  0.00000 0.377039 0.431949 0.0427106  2.24150 -0.0316458 -0.0377244 -0.0182029 -0.0721322 -0.0560529 -0.0628566 -0.0259498 -0.0161373 -0.0551407 -0.0567180 -0.0241230 0.0231220 0.00900756 -0.0233978 -0.0528475 -0.210357 0.334669 0.0425823 -0.0508502 0.0424031 0.501117 0.625973 -0.472468 -0.648046
213:     90467.375:  0.00000 0.377041 0.431947 0.0427160  2.24148 -0.0316385 -0.0377236 -0.0182107 -0.0721332 -0.0560280 -0.0628727 -0.0259234 -0.0161299 -0.0551293 -0.0566998 -0.0241209 0.0231237 0.00900936 -0.0233902 -0.0528534 -0.210306 0.334642 0.0426318 -0.0508519 0.0424052 0.501131 0.625983 -0.472473 -0.648046
214:     90467.375:  0.00000 0.377041 0.431946 0.0427132  2.24148 -0.0316336 -0.0377250 -0.0182124 -0.0721279 -0.0560266 -0.0628740 -0.0259272 -0.0161304 -0.0551248 -0.0566969 -0.0241147 0.0231244 0.00900896 -0.0233921 -0.0528494 -0.210346 0.334667 0.0427110 -0.0508524 0.0424032 0.501129 0.625981 -0.472470 -0.648046
215:     90467.375:  0.00000 0.377041 0.431947 0.0427145  2.24149 -0.0316344 -0.0377347 -0.0182138 -0.0721275 -0.0560343 -0.0628690 -0.0259451 -0.0161350 -0.0551254 -0.0567030 -0.0241081 0.0231246 0.00900830 -0.0233998 -0.0528415 -0.210380 0.334643 0.0426344 -0.0508536 0.0424030 0.501135 0.625986 -0.472476 -0.648060
216:     90467.375: 8.90759e-08 0.377040 0.431949 0.0427139  2.24150 -0.0316389 -0.0377361 -0.0182142 -0.0721276 -0.0560399 -0.0628684 -0.0259522 -0.0161345 -0.0551285 -0.0567055 -0.0241167 0.0231250 0.00900825 -0.0234020 -0.0528433 -0.210336 0.334660 0.0427130 -0.0508542 0.0424012 0.501135 0.625990 -0.472477 -0.648064
217:     90467.375:  0.00000 0.377041 0.431947 0.0427151  2.24148 -0.0316349 -0.0377348 -0.0182174 -0.0721203 -0.0560418 -0.0628737 -0.0259549 -0.0161355 -0.0551306 -0.0567013 -0.0241162 0.0231236 0.00900680 -0.0234010 -0.0528418 -0.210406 0.334693 0.0427578 -0.0508438 0.0424132 0.501137 0.625996 -0.472478 -0.648065
Generalized linear mixed model fit by the Laplace approximation 
Formula: model 
   Data: g 
   AIC   BIC logLik deviance
 90525 90794 -45234    90467
Random effects:
 Groups     Name        Variance  Std.Dev.
 game_id    (Intercept) 0.0000000 0.000000
 defense    (Intercept) 0.1421600 0.377041
 offense    (Intercept) 0.1865781 0.431947
 team_field (Intercept) 0.0018246 0.042715
Number of obs: 77608, groups: game_id, 38804; defense, 2915; offense, 2915; team_field, 655

Fixed effects:
                   Estimate Std. Error z value Pr(>|z|)    
(Intercept)        2.241481   0.061827   36.25  < 2e-16 ***
year2003          -0.031635   0.056698   -0.56  0.57687    
year2004          -0.037735   0.056676   -0.67  0.50554    
year2005          -0.018217   0.056389   -0.32  0.74664    
year2006          -0.072120   0.056128   -1.28  0.19882    
year2007          -0.056042   0.055790   -1.00  0.31513    
year2008          -0.062874   0.055179   -1.14  0.25451    
year2009          -0.025955   0.054665   -0.47  0.63493    
year2010          -0.016135   0.053987   -0.30  0.76503    
year2011          -0.055131   0.053222   -1.04  0.30026    
year2012          -0.056701   0.052568   -1.08  0.28075    
year2013          -0.024116   0.052091   -0.46  0.64339    
game_length1 OT    0.023124   0.006099    3.79  0.00015 ***
game_length2 OT    0.009007   0.010229    0.88  0.37856    
game_length3 OT   -0.023401   0.019414   -1.21  0.22806    
game_length4 OT   -0.052842   0.027029   -1.96  0.05058 .  
game_length5 OT   -0.210406   0.194390   -1.08  0.27908    
game_length6 OT    0.334693   0.170812    1.96  0.05006 .  
game_length7 OT    0.042758   0.173134    0.25  0.80494    
fielddefense_home -0.050844   0.043107   -1.18  0.23821    
fieldoffense_home  0.042413   0.043109    0.98  0.32519    
d_div2             0.501137   0.039335   12.74  < 2e-16 ***
d_div3             0.625996   0.036136   17.32  < 2e-16 ***
o_div2            -0.472478   0.041488  -11.39  < 2e-16 ***
o_div3            -0.648149   0.037331  -17.36  < 2e-16 ***
---
Signif. codes:  0 *** 0.001 ** 0.01 * 0.05 . 0.1   1 

Correlation of Fixed Effects:
            (Intr) yr2003 yr2004 yr2005 yr2006 yr2007 yr2008 yr2009 yr2010
year2003    -0.463                                                        
year2004    -0.464  0.507                                                 
year2005    -0.467  0.509  0.509                                          
year2006    -0.468  0.512  0.512  0.514                                   
year2007    -0.470  0.515  0.515  0.517  0.520                            
year2008    -0.474  0.520  0.521  0.523  0.526  0.529                     
year2009    -0.478  0.525  0.525  0.528  0.531  0.534  0.540              
year2010    -0.483  0.532  0.532  0.535  0.537  0.541  0.547  0.552       
year2011    -0.488  0.540  0.540  0.542  0.545  0.548  0.555  0.560  0.567
year2012    -0.492  0.546  0.546  0.549  0.552  0.555  0.562  0.567  0.574
year2013    -0.496  0.551  0.551  0.554  0.557  0.560  0.567  0.572  0.580
gm_lngth1OT -0.008  0.002  0.002  0.001  0.002  0.001  0.000  0.001  0.000
gm_lngth2OT -0.043  0.039  0.037  0.038  0.038  0.036  0.038  0.039  0.039
gm_lngth3OT -0.002 -0.001  0.001  0.001  0.000  0.001  0.000  0.001  0.001
gm_lngth4OT -0.001  0.000 -0.007 -0.002  0.000 -0.001 -0.001  0.000  0.000
gm_lngth5OT  0.000  0.000  0.000  0.000  0.000  0.000  0.000 -0.002  0.000
gm_lngth6OT -0.006  0.005  0.005  0.005  0.005  0.005  0.005  0.006  0.006
gm_lngth7OT  0.001  0.000  0.000  0.000  0.000  0.000  0.000 -0.001  0.000
filddfns_hm -0.693  0.000  0.000  0.000  0.000  0.000  0.000  0.000  0.000
fildffns_hm -0.693  0.000  0.000  0.000  0.000  0.000  0.000  0.000  0.000
d_div2      -0.086  0.000 -0.001  0.001 -0.001  0.000 -0.001 -0.001 -0.003
d_div3      -0.094 -0.001 -0.001  0.001  0.000 -0.002 -0.003 -0.002 -0.004
o_div2      -0.104 -0.002 -0.001  0.000 -0.002 -0.002 -0.002 -0.004 -0.006
o_div3      -0.115 -0.002 -0.001 -0.001 -0.002 -0.004 -0.005 -0.006 -0.008
            yr2011 yr2012 yr2013 gm_1OT gm_2OT gm_3OT gm_4OT gm_5OT gm_6OT
year2003                                                                  
year2004                                                                  
year2005                                                                  
year2006                                                                  
year2007                                                                  
year2008                                                                  
year2009                                                                  
year2010                                                                  
year2011                                                                  
year2012     0.583                                                        
year2013     0.588  0.596                                                 
gm_lngth1OT  0.002  0.001  0.002                                          
gm_lngth2OT  0.039  0.040  0.041  0.050                                   
gm_lngth3OT  0.001  0.001  0.000  0.014  0.022                            
gm_lngth4OT -0.002 -0.001  0.000  0.009  0.003  0.011                     
gm_lngth5OT  0.000  0.000  0.000  0.003 -0.003  0.000  0.001              
gm_lngth6OT  0.006  0.006  0.006  0.001  0.061  0.013  0.000  0.000       
gm_lngth7OT  0.000  0.000  0.000 -0.003 -0.001  0.000  0.000 -0.002  0.002
filddfns_hm  0.000  0.000  0.000  0.001 -0.002 -0.001 -0.001  0.000  0.000
fildffns_hm  0.000 -0.001  0.000  0.001 -0.002 -0.001 -0.001  0.000  0.000
d_div2      -0.005 -0.007 -0.009  0.005  0.010  0.000  0.002  0.000  0.002
d_div3      -0.005 -0.007 -0.008  0.005  0.011  0.001  0.003  0.000  0.002
o_div2      -0.008 -0.012 -0.013  0.000  0.006  0.000  0.002  0.001  0.000
o_div3      -0.009 -0.012 -0.013 -0.002  0.006  0.000  0.001  0.001  0.000
            gm_7OT flddf_ fldff_ d_div2 d_div3 o_div2
year2003                                             
year2004                                             
year2005                                             
year2006                                             
year2007                                             
year2008                                             
year2009                                             
year2010                                             
year2011                                             
year2012                                             
year2013                                             
gm_lngth1OT                                          
gm_lngth2OT                                          
gm_lngth3OT                                          
gm_lngth4OT                                          
gm_lngth5OT                                          
gm_lngth6OT                                          
gm_lngth7OT                                          
filddfns_hm -0.001                                   
fildffns_hm -0.001  0.995                            
d_div2       0.000  0.000 -0.001                     
d_div3       0.000  0.001 -0.002  0.782              
o_div2       0.000 -0.001  0.001 -0.595 -0.600       
o_div3       0.000 -0.001  0.001 -0.611 -0.748  0.760
Generalized linear mixed model fit by the Laplace approximation 
Formula: model 
   Data: g 
   AIC   BIC logLik deviance
 90525 90794 -45234    90467
Random effects:
 Groups     Name        Variance  Std.Dev.
 game_id    (Intercept) 0.0000000 0.000000
 defense    (Intercept) 0.1421600 0.377041
 offense    (Intercept) 0.1865781 0.431947
 team_field (Intercept) 0.0018246 0.042715
Number of obs: 77608, groups: game_id, 38804; defense, 2915; offense, 2915; team_field, 655

Fixed effects:
                   Estimate Std. Error z value Pr(>|z|)    
(Intercept)        2.241481   0.061827   36.25  < 2e-16 ***
year2003          -0.031635   0.056698   -0.56  0.57687    
year2004          -0.037735   0.056676   -0.67  0.50554    
year2005          -0.018217   0.056389   -0.32  0.74664    
year2006          -0.072120   0.056128   -1.28  0.19882    
year2007          -0.056042   0.055790   -1.00  0.31513    
year2008          -0.062874   0.055179   -1.14  0.25451    
year2009          -0.025955   0.054665   -0.47  0.63493    
year2010          -0.016135   0.053987   -0.30  0.76503    
year2011          -0.055131   0.053222   -1.04  0.30026    
year2012          -0.056701   0.052568   -1.08  0.28075    
year2013          -0.024116   0.052091   -0.46  0.64339    
game_length1 OT    0.023124   0.006099    3.79  0.00015 ***
game_length2 OT    0.009007   0.010229    0.88  0.37856    
game_length3 OT   -0.023401   0.019414   -1.21  0.22806    
game_length4 OT   -0.052842   0.027029   -1.96  0.05058 .  
game_length5 OT   -0.210406   0.194390   -1.08  0.27908    
game_length6 OT    0.334693   0.170812    1.96  0.05006 .  
game_length7 OT    0.042758   0.173134    0.25  0.80494    
fielddefense_home -0.050844   0.043107   -1.18  0.23821    
fieldoffense_home  0.042413   0.043109    0.98  0.32519    
d_div2             0.501137   0.039335   12.74  < 2e-16 ***
d_div3             0.625996   0.036136   17.32  < 2e-16 ***
o_div2            -0.472478   0.041488  -11.39  < 2e-16 ***
o_div3            -0.648149   0.037331  -17.36  < 2e-16 ***
---
Signif. codes:  0 *** 0.001 ** 0.01 * 0.05 . 0.1   1 

Correlation of Fixed Effects:
            (Intr) yr2003 yr2004 yr2005 yr2006 yr2007 yr2008 yr2009 yr2010
year2003    -0.463                                                        
year2004    -0.464  0.507                                                 
year2005    -0.467  0.509  0.509                                          
year2006    -0.468  0.512  0.512  0.514                                   
year2007    -0.470  0.515  0.515  0.517  0.520                            
year2008    -0.474  0.520  0.521  0.523  0.526  0.529                     
year2009    -0.478  0.525  0.525  0.528  0.531  0.534  0.540              
year2010    -0.483  0.532  0.532  0.535  0.537  0.541  0.547  0.552       
year2011    -0.488  0.540  0.540  0.542  0.545  0.548  0.555  0.560  0.567
year2012    -0.492  0.546  0.546  0.549  0.552  0.555  0.562  0.567  0.574
year2013    -0.496  0.551  0.551  0.554  0.557  0.560  0.567  0.572  0.580
gm_lngth1OT -0.008  0.002  0.002  0.001  0.002  0.001  0.000  0.001  0.000
gm_lngth2OT -0.043  0.039  0.037  0.038  0.038  0.036  0.038  0.039  0.039
gm_lngth3OT -0.002 -0.001  0.001  0.001  0.000  0.001  0.000  0.001  0.001
gm_lngth4OT -0.001  0.000 -0.007 -0.002  0.000 -0.001 -0.001  0.000  0.000
gm_lngth5OT  0.000  0.000  0.000  0.000  0.000  0.000  0.000 -0.002  0.000
gm_lngth6OT -0.006  0.005  0.005  0.005  0.005  0.005  0.005  0.006  0.006
gm_lngth7OT  0.001  0.000  0.000  0.000  0.000  0.000  0.000 -0.001  0.000
filddfns_hm -0.693  0.000  0.000  0.000  0.000  0.000  0.000  0.000  0.000
fildffns_hm -0.693  0.000  0.000  0.000  0.000  0.000  0.000  0.000  0.000
d_div2      -0.086  0.000 -0.001  0.001 -0.001  0.000 -0.001 -0.001 -0.003
d_div3      -0.094 -0.001 -0.001  0.001  0.000 -0.002 -0.003 -0.002 -0.004
o_div2      -0.104 -0.002 -0.001  0.000 -0.002 -0.002 -0.002 -0.004 -0.006
o_div3      -0.115 -0.002 -0.001 -0.001 -0.002 -0.004 -0.005 -0.006 -0.008
            yr2011 yr2012 yr2013 gm_1OT gm_2OT gm_3OT gm_4OT gm_5OT gm_6OT
year2003                                                                  
year2004                                                                  
year2005                                                                  
year2006                                                                  
year2007                                                                  
year2008                                                                  
year2009                                                                  
year2010                                                                  
year2011                                                                  
year2012     0.583                                                        
year2013     0.588  0.596                                                 
gm_lngth1OT  0.002  0.001  0.002                                          
gm_lngth2OT  0.039  0.040  0.041  0.050                                   
gm_lngth3OT  0.001  0.001  0.000  0.014  0.022                            
gm_lngth4OT -0.002 -0.001  0.000  0.009  0.003  0.011                     
gm_lngth5OT  0.000  0.000  0.000  0.003 -0.003  0.000  0.001              
gm_lngth6OT  0.006  0.006  0.006  0.001  0.061  0.013  0.000  0.000       
gm_lngth7OT  0.000  0.000  0.000 -0.003 -0.001  0.000  0.000 -0.002  0.002
filddfns_hm  0.000  0.000  0.000  0.001 -0.002 -0.001 -0.001  0.000  0.000
fildffns_hm  0.000 -0.001  0.000  0.001 -0.002 -0.001 -0.001  0.000  0.000
d_div2      -0.005 -0.007 -0.009  0.005  0.010  0.000  0.002  0.000  0.002
d_div3      -0.005 -0.007 -0.008  0.005  0.011  0.001  0.003  0.000  0.002
o_div2      -0.008 -0.012 -0.013  0.000  0.006  0.000  0.002  0.001  0.000
o_div3      -0.009 -0.012 -0.013 -0.002  0.006  0.000  0.001  0.001  0.000
            gm_7OT flddf_ fldff_ d_div2 d_div3 o_div2
year2003                                             
year2004                                             
year2005                                             
year2006                                             
year2007                                             
year2008                                             
year2009                                             
year2010                                             
year2011                                             
year2012                                             
year2013                                             
gm_lngth1OT                                          
gm_lngth2OT                                          
gm_lngth3OT                                          
gm_lngth4OT                                          
gm_lngth5OT                                          
gm_lngth6OT                                          
gm_lngth7OT                                          
filddfns_hm -0.001                                   
fildffns_hm -0.001  0.995                            
d_div2       0.000  0.000 -0.001                     
d_div3       0.000  0.001 -0.002  0.782              
o_div2       0.000 -0.001  0.001 -0.595 -0.600       
o_div3       0.000 -0.001  0.001 -0.611 -0.748  0.760
[1] TRUE
[1] 9.918066e-06
[1] 3.375287e-09
[1] 0.0001118905
          0%           5%          10%          15%          20%          25% 
9.033955e-29 1.669641e-20 1.543705e-18 4.246933e-16 6.389684e-14 5.193603e-12 
         30%          35%          40%          45%          50%          55% 
3.263451e-11 1.737123e-10 5.626442e-10 1.488159e-09 3.375287e-09 7.677331e-09 
         60%          65%          70%          75%          80%          85% 
1.626202e-08 3.403291e-08 7.080966e-08 1.374147e-07 3.265215e-07 6.651165e-07 
         90%          95%         100% 
2.053978e-06 9.275338e-06 2.758284e-03 
