[1] 71206     9
[1] TRUE
[1] 71206     8
start par. =  1 1 1 fn =  468479.4 
At return
eval:  57 fn:      394713.19 par:  0.00000 0.385889 0.439129
(NM) 20: f = 394713 at           0    0.385889    0.439129     2.24095 -0.00179847   0.0191197   0.0115734   0.0727974   0.0989703    0.155674    0.156224    0.148754    0.131754    0.181437    0.104374   0.0873094   0.0883743  -0.0478717   0.0369596    0.520052    0.724226    -0.49663   -0.734493    0.091527    0.103309    0.115301    0.106907  -0.0151933    0.196338
(NM) 40: f = 394713 at           0    0.385889    0.439129     2.24095 -0.00179847   0.0191197   0.0115734   0.0727974   0.0989703    0.155674    0.156224    0.148754    0.131754    0.181437    0.104374   0.0873094   0.0883743  -0.0478717   0.0369596    0.520052    0.724226    -0.49663   -0.734493    0.091527    0.103309    0.115301    0.106907  -0.0151933    0.196338
(NM) 60: f = 394713 at  1.87186e-05     0.386199     0.439363      2.23271 -0.000918671    0.0199942    0.0124411    0.0736596    0.0998228     0.156517     0.157055     0.149572     0.132566     0.182241     0.105163    0.0880899    0.0891466   -0.0477916    0.0370391     0.520521     0.724326    -0.496133    -0.734424    0.0916674     0.103452     0.115588     0.107554   -0.0139259     0.199552
(NM) 80: f = 394713 at  1.87186e-05     0.386199     0.439363      2.23271 -0.000918671    0.0199942    0.0124411    0.0736596    0.0998228     0.156517     0.157055     0.149572     0.132566     0.182241     0.105163    0.0880899    0.0891466   -0.0477916    0.0370391     0.520521     0.724326    -0.496133    -0.734424    0.0916674     0.103452     0.115588     0.107554   -0.0139259     0.199552
(NM) 100: f = 394713 at  1.87186e-05     0.386199     0.439363      2.23271 -0.000918671    0.0199942    0.0124411    0.0736596    0.0998228     0.156517     0.157055     0.149572     0.132566     0.182241     0.105163    0.0880899    0.0891466   -0.0477916    0.0370391     0.520521     0.724326    -0.496133    -0.734424    0.0916674     0.103452     0.115588     0.107554   -0.0139259     0.199552
(NM) 120: f = 394713 at  1.87186e-05     0.386199     0.439363      2.23271 -0.000918671    0.0199942    0.0124411    0.0736596    0.0998228     0.156517     0.157055     0.149572     0.132566     0.182241     0.105163    0.0880899    0.0891466   -0.0477916    0.0370391     0.520521     0.724326    -0.496133    -0.734424    0.0916674     0.103452     0.115588     0.107554   -0.0139259     0.199552
(NM) 140: f = 394713 at  1.87186e-05     0.386199     0.439363      2.23271 -0.000918671    0.0199942    0.0124411    0.0736596    0.0998228     0.156517     0.157055     0.149572     0.132566     0.182241     0.105163    0.0880899    0.0891466   -0.0477916    0.0370391     0.520521     0.724326    -0.496133    -0.734424    0.0916674     0.103452     0.115588     0.107554   -0.0139259     0.199552
(NM) 160: f = 394713 at  1.87186e-05     0.386199     0.439363      2.23271 -0.000918671    0.0199942    0.0124411    0.0736596    0.0998228     0.156517     0.157055     0.149572     0.132566     0.182241     0.105163    0.0880899    0.0891466   -0.0477916    0.0370391     0.520521     0.724326    -0.496133    -0.734424    0.0916674     0.103452     0.115588     0.107554   -0.0139259     0.199552
(NM) 180: f = 394713 at  1.87186e-05     0.386199     0.439363      2.23271 -0.000918671    0.0199942    0.0124411    0.0736596    0.0998228     0.156517     0.157055     0.149572     0.132566     0.182241     0.105163    0.0880899    0.0891466   -0.0477916    0.0370391     0.520521     0.724326    -0.496133    -0.734424    0.0916674     0.103452     0.115588     0.107554   -0.0139259     0.199552
(NM) 200: f = 394713 at  1.87186e-05     0.386199     0.439363      2.23271 -0.000918671    0.0199942    0.0124411    0.0736596    0.0998228     0.156517     0.157055     0.149572     0.132566     0.182241     0.105163    0.0880899    0.0891466   -0.0477916    0.0370391     0.520521     0.724326    -0.496133    -0.734424    0.0916674     0.103452     0.115588     0.107554   -0.0139259     0.199552
(NM) 220: f = 394713 at 1.24984e-05    0.385937    0.439037     2.23505 -0.00250378   0.0190754   0.0112239   0.0727824   0.0992326    0.156739    0.156963    0.148877    0.131914    0.181523      0.1048   0.0876857   0.0890293  -0.0478833   0.0369609    0.519857    0.723408   -0.498062   -0.735567   0.0917725    0.103598    0.115992    0.109127  -0.0111965    0.202144
(NM) 240: f = 394713 at  1.1118e-05    0.385967    0.439085     2.23576 -0.00252728   0.0189537   0.0115226     0.07296   0.0992725    0.156745    0.156982     0.14922    0.132502     0.18203    0.105442   0.0882847   0.0897354  -0.0478377   0.0370352    0.518846    0.724175   -0.497645   -0.737017   0.0917615    0.103645    0.115728    0.108796  -0.0113156    0.200214
(NM) 260: f = 394713 at 1.10055e-05    0.385753    0.438855     2.23568 -0.00232818   0.0191561   0.0114821   0.0731101    0.099385    0.156734    0.157184    0.149105    0.131875    0.181884    0.105087    0.087869   0.0891244  -0.0478625   0.0369989    0.519274    0.723226   -0.497416   -0.735632   0.0917197    0.103529    0.115879    0.108488  -0.0125545    0.201094
(NM) 280: f = 394713 at 1.54901e-05    0.386073     0.43921     2.23396 -0.00190372   0.0193608    0.011909   0.0734641   0.0995983     0.15668    0.157223    0.149386    0.132271    0.182094    0.105181   0.0880587   0.0892335  -0.0478258   0.0370256    0.519841    0.724009   -0.496853   -0.734903   0.0916979    0.103512    0.115747    0.107991  -0.0132073    0.200386
(NM) 300: f = 394713 at 1.36651e-05    0.385871    0.439101     2.23463 -0.00281501   0.0186416   0.0114774   0.0734786   0.0993596    0.156944    0.157865    0.149443    0.131984    0.181825    0.105319   0.0882552   0.0895051  -0.0478536   0.0370289    0.519293    0.723732   -0.497491   -0.735294   0.0917777     0.10356    0.115181    0.108226  -0.0124648    0.201625
(NM) 320: f = 394713 at 1.34625e-05    0.385952    0.439135     2.23474 -0.00328988   0.0185784   0.0113099   0.0733534   0.0991419    0.156633    0.157483    0.148952    0.132226    0.183094    0.105294   0.0881428   0.0894353  -0.0478436   0.0370301    0.519372    0.723654   -0.497349   -0.735409   0.0917449    0.103563    0.115887    0.108139  -0.0127576    0.201063
(NM) 340: f = 394713 at 1.41368e-05     0.38595    0.439245     2.23454 -0.00376248   0.0188149   0.0109482   0.0733352   0.0993541    0.156714    0.157691    0.149544    0.132293    0.182398    0.106179   0.0881932   0.0895339   -0.047823     0.03703    0.519967    0.724007    -0.49703   -0.735466   0.0917865    0.103556    0.115672    0.107615  -0.0134866     0.20018
(NM) 360: f = 394713 at 1.41368e-05     0.38595    0.439245     2.23454 -0.00376248   0.0188149   0.0109482   0.0733352   0.0993541    0.156714    0.157691    0.149544    0.132293    0.182398    0.106179   0.0881932   0.0895339   -0.047823     0.03703    0.519967    0.724007    -0.49703   -0.735466   0.0917865    0.103556    0.115672    0.107615  -0.0134866     0.20018
(NM) 380: f = 394713 at 1.45274e-05    0.385941    0.438999     2.23427 -0.00358824   0.0188859   0.0107702   0.0736127   0.0994515    0.157031    0.157566    0.149815    0.132638    0.182776    0.105355   0.0881795   0.0894838  -0.0478244   0.0370367    0.519803    0.724267   -0.497179   -0.735341   0.0916861    0.103548    0.115609    0.107777  -0.0139596    0.200141
(NM) 400: f = 394713 at 1.45274e-05    0.385941    0.438999     2.23427 -0.00358824   0.0188859   0.0107702   0.0736127   0.0994515    0.157031    0.157566    0.149815    0.132638    0.182776    0.105355   0.0881795   0.0894838  -0.0478244   0.0370367    0.519803    0.724267   -0.497179   -0.735341   0.0916861    0.103548    0.115609    0.107777  -0.0139596    0.200141
(NM) 420: f = 394713 at 1.41792e-05    0.385909    0.439203     2.23453  -0.0036029     0.01937    0.011316   0.0736876   0.0992838    0.157232    0.157519    0.149688    0.132325    0.182586    0.105368   0.0883623   0.0895609  -0.0478317   0.0370776    0.519818     0.72393     -0.4969   -0.735448   0.0916854    0.103459    0.115655    0.107754  -0.0139769    0.200365
(NM) 440: f = 394713 at 1.39627e-05    0.385917    0.439193      2.2346 -0.00343388   0.0195729   0.0112544   0.0734346    0.100261    0.157107    0.157656    0.149647     0.13233    0.182816    0.105448   0.0883015   0.0894578  -0.0478386   0.0370388    0.519858    0.723972   -0.497127   -0.735397   0.0916287    0.103449    0.115553    0.107743  -0.0139526    0.200384
(NM) 460: f = 394713 at 1.34137e-05    0.385884    0.439145     2.23483 -0.00320111   0.0197602   0.0112281   0.0738249   0.0992576    0.156928    0.157461     0.14984    0.132561    0.182755    0.105459   0.0882531   0.0892773  -0.0478361   0.0370439    0.519874     0.72399    -0.49712   -0.735584   0.0915927    0.103394    0.115497    0.107782  -0.0136051    0.200839
(NM) 480: f = 394713 at 1.43934e-05    0.385905    0.439177     2.23443 -0.00353951   0.0198497   0.0114792   0.0738469   0.0991486    0.156744     0.15753     0.14996    0.132548    0.183132    0.105504   0.0884967   0.0894894  -0.0478204   0.0370586    0.520067    0.724076   -0.496929   -0.735276   0.0915808    0.103507     0.11544    0.107313  -0.0144838    0.199987
(NM) 500: f = 394713 at 1.50936e-05    0.385866    0.439178     2.23415 -0.00351905   0.0198756   0.0113355   0.0737578   0.0994052    0.157183    0.157809    0.150117    0.132783    0.183257    0.105545   0.0886052   0.0894839  -0.0478163   0.0370699    0.520115    0.724036    -0.49687   -0.735418   0.0916428    0.103368    0.115325    0.107285  -0.0145585    0.199497
(NM) 520: f = 394713 at 1.45185e-05    0.385903    0.439177     2.23438 -0.00317142   0.0197603   0.0111924   0.0736406    0.099449    0.157034    0.157573     0.15002    0.132891    0.183361     0.10552   0.0884869   0.0895021  -0.0478152   0.0370221    0.520073    0.724237   -0.497081   -0.735328   0.0916409    0.103377    0.115321    0.107252  -0.0142779    0.199986
(NM) 540: f = 394713 at 1.44399e-05    0.385882    0.439117     2.23441 -0.00314793   0.0199725   0.0113113   0.0737272   0.0995051    0.157142    0.157501    0.149821    0.133161     0.18318     0.10553   0.0884172   0.0895007  -0.0478187   0.0370683    0.520054    0.724087   -0.496955   -0.735525   0.0915937    0.103371    0.115392     0.10719  -0.0143696    0.200453
(NM) 560: f = 394713 at 1.45177e-05    0.385882     0.43911     2.23437 -0.00311067   0.0199934   0.0113414   0.0737398   0.0995291    0.157177    0.157485     0.14986    0.133189    0.183222    0.105545    0.088433   0.0895002  -0.0478175   0.0370696     0.52006    0.724106   -0.496945   -0.735531   0.0915864    0.103372    0.115357    0.107133  -0.0144464    0.200432
(NM) 580: f = 394713 at 1.48616e-05    0.385851    0.439119     2.23424 -0.00311362   0.0196012    0.011423   0.0737391   0.0996947    0.156859     0.15757    0.150097    0.132917    0.183371    0.105653   0.0885145   0.0896162  -0.0478064   0.0370644    0.520027    0.724305   -0.496938   -0.735438   0.0916032    0.103382     0.11528    0.107121  -0.0146444    0.199881
(NM) 600: f = 394713 at 1.49006e-05    0.385847    0.439113     2.23422 -0.00308656   0.0196157   0.0114526    0.073755   0.0997028    0.156867    0.157558    0.150121    0.132953     0.18341    0.105649   0.0885279   0.0896196  -0.0478062   0.0370666    0.520022    0.724311   -0.496936   -0.735445   0.0915948    0.103379    0.115277    0.107073  -0.0146955    0.199847
(NM) 620: f = 394713 at 1.50333e-05    0.385894    0.439103     2.23414 -0.00303886   0.0197443   0.0115561   0.0736558    0.099549    0.157229    0.157609    0.150117     0.13306    0.183423    0.105679   0.0885583   0.0897207  -0.0478055   0.0370682     0.52003    0.724222   -0.496912   -0.735423   0.0915867    0.103355    0.115257    0.106984  -0.0149131    0.199568
(NM) 640: f = 394713 at 1.50333e-05    0.385894    0.439103     2.23414 -0.00303886   0.0197443   0.0115561   0.0736558    0.099549    0.157229    0.157609    0.150117     0.13306    0.183423    0.105679   0.0885583   0.0897207  -0.0478055   0.0370682     0.52003    0.724222   -0.496912   -0.735423   0.0915867    0.103355    0.115257    0.106984  -0.0149131    0.199568
(NM) 660: f = 394713 at 1.51312e-05     0.38584    0.439103     2.23411 -0.00308629   0.0195847   0.0116588    0.073739   0.0996065    0.157253    0.157696    0.150174    0.133197    0.183496    0.105777   0.0886008   0.0897139  -0.0477923   0.0370682    0.519981    0.724228    -0.49701     -0.7355   0.0915532    0.103363    0.115265     0.10691  -0.0149564    0.199527
(NM) 680: f = 394713 at 1.50534e-05    0.385874    0.439096     2.23413 -0.00313816   0.0194369   0.0115446   0.0737157   0.0996762    0.157132    0.157689    0.150156    0.133166    0.183339    0.105652   0.0885623   0.0897771  -0.0478033   0.0370635    0.519992    0.724316   -0.497035   -0.735479   0.0915798    0.103383    0.115345    0.107002  -0.0149573    0.199293
(NM) 700: f = 394713 at  1.493e-05   0.385877   0.439109    2.23419 -0.0028824  0.0197143  0.0116871  0.0738049  0.0995653   0.157509   0.157724    0.15013   0.133213   0.183476   0.105639  0.0886012  0.0897081 -0.0478065  0.0370666   0.520017   0.724161  -0.497054  -0.735514  0.0915401    0.10335   0.115305   0.106869 -0.0150547   0.199416
(NM) 720: f = 394713 at 1.52579e-05    0.385867    0.439125     2.23406 -0.00303682   0.0195472   0.0117312   0.0736379   0.0996458    0.157339    0.157753    0.150193    0.133218    0.183471    0.105818   0.0886834   0.0897796  -0.0477963   0.0370663    0.520028    0.724194   -0.496996   -0.735443   0.0915825    0.103339    0.115255    0.106882  -0.0150685    0.198822
(NM) 740: f = 394713 at 1.51158e-05    0.385874    0.439084     2.23411 -0.00279758   0.0195288   0.0118029   0.0737348   0.0997374    0.157363    0.157641    0.150355    0.133321    0.183548    0.105834   0.0886735    0.089847   -0.047794   0.0370682    0.520003    0.724248   -0.497067    -0.73554   0.0915218    0.103337    0.115222     0.10673  -0.0150064    0.198988
(NM) 760: f = 394713 at 1.47311e-05    0.385892    0.439101     2.23427 -0.00276809   0.0195455   0.0116579   0.0737119   0.0997063    0.157261    0.157676    0.150075    0.133098    0.183349    0.105694   0.0885986   0.0897578  -0.0478126   0.0370584    0.519967    0.724145   -0.497094   -0.735437    0.091563    0.103366    0.115341     0.10695  -0.0148811    0.199261
(NM) 780: f = 394713 at 1.48294e-05    0.385889    0.439113     2.23424   -0.002989   0.0195449   0.0116568   0.0737733   0.0996359    0.157271    0.157805    0.150117    0.133166    0.183389    0.105765    0.088674   0.0898321  -0.0477977   0.0370657    0.520006    0.724162   -0.497061   -0.735477   0.0915505    0.103347    0.115333    0.107007  -0.0150812    0.198921
(NM) 800: f = 394713 at 1.48555e-05    0.385884    0.439094     2.23422 -0.00285007   0.0196486   0.0118153    0.073666   0.0996678    0.157337    0.157914    0.150211    0.133278      0.1835    0.105775   0.0886762   0.0898077  -0.0478005   0.0370684    0.519999    0.724079   -0.497134   -0.735504   0.0915289    0.103351    0.115309    0.106776  -0.0151139    0.198958
(NM) 820: f = 394713 at 1.50154e-05    0.385898    0.439095     2.23415 -0.00279858   0.0195513    0.011841    0.073765   0.0996706     0.15752    0.157912     0.15021    0.133405    0.183452     0.10591   0.0887828   0.0899477  -0.0477941   0.0370644    0.520006    0.724076   -0.497205   -0.735496   0.0915101    0.103343    0.115315    0.106734  -0.0152731    0.198277
(NM) 840: f = 394713 at 1.50967e-05    0.385886    0.439108     2.23412 -0.00284824    0.019441   0.0118697   0.0738827   0.0997459    0.157413    0.157993    0.150271    0.133226     0.18353    0.105829   0.0887693   0.0899221  -0.0477948    0.037068    0.519972    0.724148   -0.497174   -0.735432   0.0915108    0.103347    0.115293    0.106749  -0.0153654    0.198248
(NM) 860: f = 394713 at 1.49688e-05    0.385899    0.439117     2.23418 -0.00282144   0.0195149   0.0118732   0.0737524   0.0997663    0.157488    0.157912    0.150196    0.133355    0.183469    0.105867   0.0887543   0.0899629  -0.0477971   0.0370676    0.519935    0.724085   -0.497192   -0.735535   0.0915346    0.103339    0.115324    0.106788  -0.0152401    0.198331
(NM) 880: f = 394713 at 1.49688e-05    0.385899    0.439117     2.23418 -0.00282144   0.0195149   0.0118732   0.0737524   0.0997663    0.157488    0.157912    0.150196    0.133355    0.183469    0.105867   0.0887543   0.0899629  -0.0477971   0.0370676    0.519935    0.724085   -0.497192   -0.735535   0.0915346    0.103339    0.115324    0.106788  -0.0152401    0.198331
(NM) 900: f = 394713 at 1.49409e-05    0.385889    0.439097     2.23419 -0.00278305   0.0195673   0.0119429   0.0738179   0.0998216     0.15739    0.157932    0.150226    0.133397    0.183602    0.105922   0.0887862   0.0899663  -0.0477958   0.0370696    0.519975    0.724088   -0.497224   -0.735522   0.0915031    0.103329    0.115308    0.106707  -0.0153723    0.198051
(NM) 920: f = 394713 at 1.49957e-05    0.385896    0.439124     2.23417 -0.00278203   0.0194668   0.0119206   0.0738555   0.0998382    0.157393    0.157994     0.15028    0.133345    0.183477    0.105918   0.0889323   0.0899783  -0.0477951   0.0370683    0.519967    0.724058   -0.497256   -0.735501   0.0915142    0.103324    0.115314    0.106772  -0.0153094    0.197788
(NM) 940: f = 394713 at 1.48732e-05    0.385887     0.43912     2.23422 -0.00286656   0.0195874   0.0118359    0.073947   0.0998533    0.157306    0.158001    0.150268    0.133275    0.183478    0.105913   0.0888299   0.0899268  -0.0478012   0.0370697    0.519951    0.724072   -0.497249   -0.735516   0.0915205    0.103334    0.115331    0.106829  -0.0153219    0.197928
(NM) 960: f = 394713 at 1.49921e-05     0.38587    0.439119     2.23418  -0.0028264   0.0195268   0.0118323   0.0740079   0.0999165     0.15733    0.157988    0.150306      0.1333    0.183532    0.105956   0.0888683   0.0899403  -0.0477988   0.0370679    0.519936    0.724099   -0.497269    -0.73554   0.0915072    0.103322    0.115328    0.106804    -0.01529    0.197997
(NM) 980: f = 394713 at 1.50965e-05    0.385879    0.439118     2.23414 -0.00283058   0.0196212   0.0118235   0.0740291   0.0999445    0.157354    0.157875    0.150415    0.133358    0.183623    0.106001   0.0889782   0.0899351  -0.0477957    0.037074    0.519934    0.724142   -0.497256   -0.735564   0.0915045    0.103299     0.11531    0.106754  -0.0154031    0.197611
(NM) 1000: f = 394713 at 1.50093e-05    0.385884    0.439126     2.23418 -0.00283742   0.0195978   0.0117831    0.074112    0.100035    0.157276    0.157953    0.150375     0.13326    0.183603    0.105987   0.0889753   0.0900072  -0.0478044   0.0370688     0.51995    0.724091   -0.497289    -0.73558   0.0915222    0.103294    0.115326    0.106833  -0.0153562    0.197581
(NM) 1020: f = 394713 at 1.50304e-05    0.385867    0.439123     2.23416 -0.00279943   0.0195527   0.0117534   0.0740028   0.0999191    0.157284    0.157868    0.150343    0.133268    0.183566    0.105975   0.0889357   0.0899406  -0.0478013   0.0370693    0.519918    0.724133   -0.497301   -0.735567   0.0915462    0.103313    0.115315    0.106853  -0.0152903    0.197788
(NM) 1040: f = 394713 at 1.51368e-05    0.385879    0.439121     2.23412 -0.00265748   0.0195987   0.0118437   0.0740958   0.0999924    0.157308    0.158116    0.150432    0.133398    0.183641    0.106108   0.0890661    0.090039  -0.0477971   0.0370711    0.519903    0.724082   -0.497351     -0.7356   0.0915043    0.103288    0.115324    0.106753  -0.0155557    0.197096
(NM) 1060: f = 394713 at 1.51304e-05    0.385878    0.439125     2.23412 -0.00279036    0.019598   0.0117922   0.0741035     0.10004    0.157294    0.157983    0.150418    0.133363    0.183608    0.106035   0.0890184   0.0900418  -0.0478003   0.0370737    0.519926    0.724103   -0.497336   -0.735587   0.0915119    0.103299    0.115322    0.106772  -0.0154681     0.19731
(NM) 1080: f = 394713 at 1.51219e-05    0.385891     0.43912     2.23412 -0.00274313    0.019685   0.0118672   0.0740286    0.100004    0.157361    0.157964    0.150404     0.13339    0.183654    0.106062   0.0890231   0.0900462  -0.0477995   0.0370752    0.519941    0.724073   -0.497317   -0.735579   0.0915165    0.103295    0.115297    0.106712  -0.0155599    0.197193
(NM) 1100: f = 394713 at 1.51187e-05    0.385882    0.439129     2.23413 -0.00275846     0.01964    0.011835   0.0740325    0.100002    0.157334    0.157982    0.150384    0.133381    0.183658    0.106065   0.0890007   0.0900182  -0.0477997   0.0370713     0.51994    0.724119   -0.497334    -0.73559   0.0915184    0.103303    0.115301    0.106739   -0.015487    0.197269
(NM) 1120: f = 394713 at 1.51187e-05    0.385882    0.439129     2.23413 -0.00275846     0.01964    0.011835   0.0740325    0.100002    0.157334    0.157982    0.150384    0.133381    0.183658    0.106065   0.0890007   0.0900182  -0.0477997   0.0370713     0.51994    0.724119   -0.497334    -0.73559   0.0915184    0.103303    0.115301    0.106739   -0.015487    0.197269
(NM) 1140: f = 394713 at 1.50315e-05     0.38588    0.439124     2.23416 -0.00271648   0.0196427    0.011804   0.0739652   0.0998845    0.157335    0.157915     0.15033    0.133336      0.1836    0.106025   0.0889557   0.0899735  -0.0478014   0.0370711    0.519927    0.724122   -0.497307   -0.735585   0.0915309    0.103313     0.11532    0.106774  -0.0153792    0.197497
(NM) 1160: f = 394713 at 1.50355e-05    0.385881    0.439128     2.23416 -0.00267424   0.0196498   0.0117972   0.0739969   0.0999885    0.157322    0.157986    0.150351    0.133322    0.183631    0.106083   0.0890211   0.0900342  -0.0478032   0.0370703    0.519915    0.724104   -0.497369   -0.735608   0.0915363    0.103307    0.115321    0.106779  -0.0154672    0.197139
(NM) 1180: f = 394713 at 1.51242e-05    0.385883    0.439124     2.23413 -0.00266744   0.0196574   0.0118523   0.0739956   0.0999774    0.157324    0.157971    0.150373    0.133377    0.183666    0.106087   0.0890437    0.090017  -0.0478009   0.0370724    0.519919    0.724141   -0.497352   -0.735627   0.0915324    0.103301    0.115316    0.106738  -0.0155009    0.197076
(NM) 1200: f = 394713 at 1.51242e-05    0.385883    0.439124     2.23413 -0.00266744   0.0196574   0.0118523   0.0739956   0.0999774    0.157324    0.157971    0.150373    0.133377    0.183666    0.106087   0.0890437    0.090017  -0.0478009   0.0370724    0.519919    0.724141   -0.497352   -0.735627   0.0915324    0.103301    0.115316    0.106738  -0.0155009    0.197076
(NM) 1220: f = 394713 at 1.50276e-05    0.385887    0.439128     2.23417 -0.00265595   0.0197144   0.0117848   0.0739346   0.0999163    0.157347    0.157982    0.150361     0.13336    0.183656    0.106107   0.0890474   0.0900011  -0.0478056     0.03707    0.519921    0.724109   -0.497379   -0.735648   0.0915442    0.103304    0.115341    0.106777  -0.0154441    0.197047
(NM) 1240: f = 394713 at 1.51212e-05    0.385883    0.439125     2.23413 -0.00261934   0.0196629   0.0117937    0.073943   0.0998968    0.157377     0.15798    0.150364    0.133335     0.18368    0.106085   0.0890405   0.0900079  -0.0478034   0.0370714    0.519918    0.724151    -0.49736   -0.735628   0.0915427    0.103311     0.11531     0.10676  -0.0154886    0.197031
(NM) 1260: f = 394713 at 1.50497e-05    0.385881    0.439127     2.23416 -0.00265617   0.0197025   0.0117844   0.0739228   0.0998616    0.157334    0.157962    0.150344    0.133349    0.183649    0.106077   0.0890102   0.0899841  -0.0478053     0.03707    0.519943     0.72414   -0.497352   -0.735638   0.0915553    0.103308    0.115315    0.106786  -0.0154161    0.197183
(NM) 1280: f = 394713 at 1.50454e-05    0.385886    0.439127     2.23416 -0.00266691   0.0197078    0.011787    0.073995    0.099935    0.157324    0.157985     0.15036    0.133329    0.183664    0.106078   0.0890281   0.0900054  -0.0478064   0.0370699    0.519943    0.724135    -0.49735   -0.735646   0.0915436      0.1033    0.115318    0.106785  -0.0154356     0.19712
(NM) 1300: f = 394713 at 1.50569e-05    0.385886    0.439126     2.23416 -0.00266422   0.0197113   0.0117915   0.0739942   0.0999324    0.157325    0.157986     0.15036    0.133334    0.183673    0.106081   0.0890309   0.0900066  -0.0478064   0.0370698    0.519946    0.724139   -0.497348   -0.735647   0.0915441      0.1033    0.115314    0.106776   -0.015445    0.197106
(NM) 1320: f = 394713 at 1.51218e-05    0.385886    0.439126     2.23413  -0.0026503   0.0197046   0.0118389   0.0739844   0.0999242    0.157352     0.15803    0.150379    0.133392    0.183711    0.106126   0.0890764   0.0900357   -0.047804   0.0370703    0.519956    0.724145    -0.49737   -0.735651   0.0915408    0.103301    0.115311    0.106718  -0.0155547    0.196852
(NM) 1340: f = 394713 at 1.51217e-05    0.385881     0.43912     2.23413 -0.00264093   0.0197168   0.0118147   0.0740106   0.0999207    0.157342    0.158019    0.150376    0.133361    0.183706    0.106118   0.0890739   0.0900222  -0.0478057   0.0370698    0.519946     0.72414   -0.497374   -0.735652   0.0915442    0.103302    0.115313    0.106731  -0.0155235    0.196923
(NM) 1360: f = 394713 at 1.51279e-05    0.385881     0.43912     2.23412 -0.00267144   0.0197042   0.0117937   0.0740304   0.0999253    0.157341    0.158017    0.150382    0.133363    0.183701    0.106105   0.0890551   0.0900157  -0.0478051   0.0370692    0.519955    0.724149   -0.497362    -0.73564   0.0915394    0.103303    0.115307    0.106739  -0.0155108     0.19701
(NM) 1380: f = 394713 at 1.50927e-05    0.385881    0.439121     2.23414 -0.00266692   0.0197179   0.0118069   0.0740526   0.0999014    0.157341    0.158043    0.150339    0.133328    0.183704    0.106098   0.0890472   0.0900052  -0.0478083   0.0370672     0.51996    0.724147   -0.497366   -0.735647    0.091548    0.103307    0.115312     0.10675  -0.0155132    0.196996
(NM) 1400: f = 394713 at 1.51419e-05    0.385885    0.439119     2.23412 -0.00269751   0.0196918   0.0118064   0.0740681   0.0998758    0.157353    0.158047    0.150341     0.13334    0.183694    0.106096   0.0890753   0.0900376  -0.0478089   0.0370652    0.519973    0.724172   -0.497368   -0.735643   0.0915572    0.103307    0.115319    0.106749  -0.0155497    0.196835
(NM) 1420: f = 394713 at 1.51419e-05    0.385885    0.439119     2.23412 -0.00269751   0.0196918   0.0118064   0.0740681   0.0998758    0.157353    0.158047    0.150341     0.13334    0.183694    0.106096   0.0890753   0.0900376  -0.0478089   0.0370652    0.519973    0.724172   -0.497368   -0.735643   0.0915572    0.103307    0.115319    0.106749  -0.0155497    0.196835
(NM) 1440: f = 394713 at 1.50917e-05    0.385882    0.439117     2.23414  -0.0027129   0.0196939   0.0118385   0.0741072   0.0998919    0.157371    0.158094    0.150351    0.133361    0.183692    0.106091   0.0890864   0.0900403  -0.0478103   0.0370651    0.519966    0.724145   -0.497396   -0.735661   0.0915503    0.103309    0.115325    0.106736  -0.0155607    0.196775
(NM) 1460: f = 394713 at 1.5093e-05   0.385885   0.439119    2.23414 -0.0026948  0.0196902  0.0118055  0.0740736  0.0998386   0.157365   0.158087   0.150314   0.133321   0.183691   0.106084  0.0890806  0.0900227 -0.0478125   0.037062   0.519983   0.724165  -0.497386   -0.73566  0.0915665   0.103316    0.11533   0.106764 -0.0155286   0.196796
(NM) 1480: f = 394713 at 1.50805e-05    0.385886     0.43912     2.23414 -0.00265503   0.0197169   0.0118213   0.0740606   0.0998432    0.157374    0.158084     0.15032    0.133352    0.183705    0.106099   0.0890769   0.0900335  -0.0478122   0.0370628    0.519989    0.724167   -0.497395   -0.735663   0.0915603    0.103312    0.115322    0.106732    -0.01554    0.196752
(NM) 1500: f = 394713 at 1.51044e-05    0.385883    0.439118     2.23413 -0.00272196   0.0197013   0.0118094   0.0740701   0.0998471    0.157373    0.158065    0.150332    0.133332    0.183711    0.106088   0.0890543   0.0900231  -0.0478116   0.0370626     0.51999    0.724174    -0.49737   -0.735655   0.0915624     0.10331    0.115321    0.106752  -0.0155294     0.19686
(NM) 1520: f = 394713 at  1.5099e-05    0.385884    0.439116     2.23413 -0.00269534   0.0196876   0.0118422   0.0741071   0.0998596    0.157379    0.158086     0.15031    0.133348    0.183693    0.106084   0.0890728   0.0900329  -0.0478139   0.0370609    0.519981    0.724169   -0.497397   -0.735666   0.0915634    0.103313    0.115337    0.106747  -0.0155418    0.196746
(NM) 1540: f = 394713 at 1.50906e-05     0.38588    0.439117     2.23414 -0.00269581   0.0197141    0.011817   0.0740671   0.0998828    0.157385    0.158033    0.150338    0.133353    0.183714    0.106094   0.0890558   0.0900327   -0.047812   0.0370631    0.519979    0.724167   -0.497388    -0.73565   0.0915551    0.103311     0.11532    0.106728  -0.0155268    0.196826
(NM) 1560: f = 394713 at 1.50557e-05    0.385883    0.439116     2.23415 -0.00268605   0.0197141    0.011846   0.0740699   0.0998382    0.157428     0.15803    0.150317    0.133348    0.183706    0.106095    0.089064   0.0900316  -0.0478166   0.0370587    0.519985    0.724171   -0.497413   -0.735664   0.0915686    0.103318    0.115332    0.106741  -0.0155203    0.196676
(NM) 1580: f = 394713 at 1.50816e-05    0.385881    0.439118     2.23414 -0.00267682   0.0197266   0.0118311   0.0740757   0.0998488    0.157397    0.158013     0.15032    0.133347    0.183707    0.106083   0.0890531   0.0900248  -0.0478168   0.0370592    0.519992    0.724194   -0.497403   -0.735665     0.09157    0.103318    0.115333    0.106733  -0.0155191     0.19669
(NM) 1600: f = 394713 at 1.51397e-05    0.385879    0.439113     2.23412  -0.0026997   0.0197309    0.011853    0.074171   0.0998571    0.157455    0.158026     0.15036    0.133374    0.183769    0.106123   0.0890741   0.0900331   -0.047821   0.0370552    0.520022     0.72421    -0.49742   -0.735682   0.0915678    0.103308    0.115319    0.106724  -0.0155552    0.196484
(NM) 1620: f = 394713 at 1.51397e-05    0.385879    0.439113     2.23412  -0.0026997   0.0197309    0.011853    0.074171   0.0998571    0.157455    0.158026     0.15036    0.133374    0.183769    0.106123   0.0890741   0.0900331   -0.047821   0.0370552    0.520022     0.72421    -0.49742   -0.735682   0.0915678    0.103308    0.115319    0.106724  -0.0155552    0.196484
(NM) 1640: f = 394713 at 1.50606e-05    0.385882    0.439116     2.23415 -0.00269005   0.0197215   0.0118793      0.0741   0.0998864    0.157418    0.157999    0.150359    0.133384    0.183719    0.106096   0.0890732   0.0900503  -0.0478188   0.0370584    0.519985    0.724186   -0.497429    -0.73568   0.0915659     0.10331    0.115338     0.10673  -0.0155199    0.196512
(NM) 1660: f = 394713 at 1.51024e-05    0.385879    0.439112     2.23413 -0.00268781    0.019727   0.0118654   0.0741457   0.0998656    0.157434    0.158016    0.150372    0.133382    0.183727    0.106095   0.0890888   0.0900466  -0.0478207   0.0370564    0.520006    0.724192   -0.497434   -0.735696   0.0915691    0.103311    0.115336    0.106724  -0.0155426    0.196505
(NM) 1680: f = 394713 at 1.51123e-05    0.385878    0.439114     2.23413 -0.00270337   0.0197364   0.0118844   0.0741295    0.099867    0.157438    0.157997    0.150377    0.133393    0.183725    0.106105   0.0890583   0.0900285  -0.0478214   0.0370564    0.520009    0.724194   -0.497423   -0.735682   0.0915666    0.103307     0.11534     0.10673  -0.0155275    0.196513
(NM) 1700: f = 394713 at 1.51317e-05    0.385878    0.439116     2.23412 -0.00269727   0.0196759   0.0119324   0.0741297   0.0999187    0.157454    0.158027    0.150405    0.133414    0.183707    0.106095   0.0890558    0.090069  -0.0478189   0.0370573    0.520009    0.724182   -0.497421   -0.735661   0.0915517    0.103304    0.115331    0.106719  -0.0155658    0.196466
(NM) 1720: f = 394713 at 1.51447e-05     0.38588    0.439119     2.23411 -0.00271618   0.0197067   0.0118852   0.0741359   0.0998747    0.157453     0.15802    0.150425    0.133426    0.183696      0.1061   0.0890696   0.0900599  -0.0478246    0.037054    0.520033    0.724195   -0.497437   -0.735691   0.0915682    0.103301    0.115359    0.106762  -0.0155457    0.196338
(NM) 1740: f = 394713 at 1.51666e-05    0.385879    0.439119     2.23411 -0.00269037   0.0197452   0.0119254   0.0741312   0.0998587    0.157478     0.15801    0.150435    0.133452    0.183701    0.106105    0.089024   0.0900315  -0.0478283   0.0370517    0.520059    0.724206   -0.497422   -0.735692   0.0915641      0.1033    0.115362    0.106755   -0.015549    0.196328
(NM) 1760: f = 394713 at  1.5152e-05    0.385875     0.43912     2.23411 -0.00270583   0.0197501   0.0119116   0.0741261   0.0998915    0.157485    0.157991    0.150476    0.133457    0.183711    0.106124    0.089024   0.0900449   -0.047829    0.037051    0.520062      0.7242   -0.497432    -0.73568   0.0915588    0.103295    0.115359    0.106758  -0.0155465    0.196286
(NM) 1780: f = 394713 at 1.52346e-05    0.385873    0.439119     2.23408 -0.00270164   0.0197351   0.0119171   0.0741642   0.0998711    0.157463    0.158026    0.150463    0.133478    0.183722     0.10611   0.0890255   0.0900503  -0.0478321   0.0370482    0.520087    0.724241   -0.497434    -0.73569   0.0915678    0.103298    0.115363    0.106757  -0.0155756    0.196197
(NM) 1800: f = 394713 at 1.51506e-05     0.38588    0.439122     2.23411 -0.00267158   0.0197348   0.0119146   0.0740845   0.0998883    0.157486    0.158038    0.150436    0.133448    0.183694    0.106117   0.0890256   0.0900375  -0.0478283   0.0370522    0.520055    0.724189   -0.497431   -0.735683   0.0915645    0.103298    0.115364    0.106757  -0.0155381    0.196306
(NM) 1820: f = 394713 at 1.51561e-05    0.385876    0.439118     2.23411 -0.00264388   0.0197221   0.0119135   0.0740956    0.099844    0.157466    0.158055    0.150427    0.133436    0.183681    0.106102   0.0890066   0.0900222  -0.0478287   0.0370505    0.520049    0.724197    -0.49742   -0.735675   0.0915655    0.103305    0.115365    0.106776  -0.0155467    0.196382
(NM) 1840: f = 394713 at 1.52028e-05    0.385873     0.43912     2.23409 -0.00266373   0.0197543     0.01191   0.0741383   0.0998961    0.157461    0.158023    0.150469    0.133455    0.183708    0.106117   0.0890117   0.0900338  -0.0478348   0.0370474    0.520094    0.724224   -0.497434   -0.735687   0.0915646    0.103299    0.115374    0.106774  -0.0155572    0.196206
(NM) 1860: f = 394713 at 1.52028e-05    0.385873     0.43912     2.23409 -0.00266373   0.0197543     0.01191   0.0741383   0.0998961    0.157461    0.158023    0.150469    0.133455    0.183708    0.106117   0.0890117   0.0900338  -0.0478348   0.0370474    0.520094    0.724224   -0.497434   -0.735687   0.0915646    0.103299    0.115374    0.106774  -0.0155572    0.196206
(NM) 1880: f = 394713 at   1.521e-05    0.385877    0.439124     2.23409 -0.00262889    0.019758   0.0118874    0.074082   0.0998943    0.157454    0.158028    0.150449    0.133447    0.183717    0.106133   0.0890235   0.0900333  -0.0478296    0.037051    0.520064     0.72422   -0.497428    -0.73568   0.0915648      0.1033    0.115361    0.106762  -0.0155628     0.19625
(NM) 1900: f = 394713 at 1.52418e-05    0.385872    0.439119     2.23407 -0.00261837   0.0197455   0.0118974   0.0741047   0.0998931    0.157462    0.158042    0.150462    0.133459    0.183727    0.106132   0.0890092   0.0900484  -0.0478344   0.0370475    0.520087    0.724232   -0.497438   -0.735681   0.0915681      0.1033    0.115369    0.106772  -0.0155645    0.196139
(NM) 1920: f = 394713 at 1.52523e-05    0.385873    0.439123     2.23407 -0.00259084   0.0197466   0.0118996   0.0740722   0.0999066    0.157446    0.158052    0.150458    0.133462    0.183704     0.10614   0.0890183   0.0900385   -0.047834   0.0370466    0.520086    0.724237   -0.497437   -0.735669   0.0915652    0.103305    0.115374    0.106776  -0.0155791    0.196125
(NM) 1940: f = 394713 at 1.52523e-05    0.385873    0.439123     2.23407 -0.00259084   0.0197466   0.0118996   0.0740722   0.0999066    0.157446    0.158052    0.150458    0.133462    0.183704     0.10614   0.0890183   0.0900385   -0.047834   0.0370466    0.520086    0.724237   -0.497437   -0.735669   0.0915652    0.103305    0.115374    0.106776  -0.0155791    0.196125
(NM) 1960: f = 394713 at 1.52932e-05    0.385872    0.439121     2.23405 -0.00254326   0.0197613   0.0118742   0.0740904   0.0999317    0.157435    0.158083    0.150464    0.133465    0.183735    0.106157   0.0890413   0.0900628  -0.0478351   0.0370464     0.52009    0.724243   -0.497449   -0.735684    0.091565    0.103303    0.115365    0.106763  -0.0156043    0.196046
(NM) 1980: f = 394713 at 1.52332e-05    0.385878    0.439122     2.23408 -0.00258177   0.0197276   0.0118896   0.0740955   0.0999252    0.157421    0.158091    0.150438     0.13344    0.183708     0.10614   0.0890534   0.0900683  -0.0478322   0.0370476    0.520068    0.724226   -0.497442   -0.735673   0.0915633    0.103305    0.115371    0.106782  -0.0155891    0.196105
(NM) 2000: f = 394713 at 1.52557e-05    0.385875    0.439121     2.23407 -0.00252416   0.0197429   0.0118982   0.0740845   0.0999276    0.157457    0.158094    0.150454    0.133453    0.183719    0.106152   0.0890405   0.0900617  -0.0478366   0.0370447    0.520084    0.724235   -0.497457   -0.735683   0.0915661    0.103306    0.115373    0.106782   -0.015592    0.195983
(NM) 2020: f = 394713 at 1.52844e-05    0.385873    0.439119     2.23406 -0.00251665   0.0197433    0.011896   0.0741058   0.0999382    0.157459    0.158088    0.150463    0.133453    0.183745     0.10616   0.0890475   0.0900655  -0.0478376   0.0370431    0.520089    0.724254   -0.497458   -0.735683   0.0915654    0.103306    0.115364    0.106773  -0.0156047    0.195956
(NM) 2040: f = 394713 at 1.52291e-05    0.385875    0.439119     2.23408 -0.00255096   0.0197253    0.011884    0.074076   0.0999269    0.157454    0.158067     0.15045    0.133438    0.183712    0.106139   0.0890383   0.0900582  -0.0478333   0.0370464    0.520064    0.724227   -0.497446   -0.735675   0.0915619    0.103307    0.115365    0.106786  -0.0155595    0.196147
(NM) 2060: f = 394713 at 1.52864e-05    0.385873    0.439117     2.23406 -0.00252245   0.0197442   0.0119073   0.0741089   0.0999188    0.157466    0.158117    0.150469     0.13344     0.18373    0.106152   0.0890194   0.0900442  -0.0478418     0.03704    0.520113    0.724246   -0.497439   -0.735682    0.091564    0.103307    0.115377    0.106815  -0.0155892    0.195976
(NM) 2080: f = 394713 at 1.52312e-05    0.385875    0.439117     2.23408 -0.00254311   0.0197286   0.0119087   0.0741155   0.0999481    0.157487    0.158089    0.150477    0.133453    0.183721     0.10615   0.0890485   0.0900685  -0.0478398   0.0370409    0.520088    0.724242   -0.497462   -0.735686    0.091561    0.103307    0.115374    0.106806  -0.0155786    0.195918
(NM) 2100: f = 394713 at 1.52493e-05    0.385878    0.439115     2.23407 -0.00251591   0.0197175   0.0119344   0.0741236   0.0999628    0.157515    0.158081    0.150499    0.133444    0.183733    0.106152   0.0890625   0.0900584  -0.0478396   0.0370402    0.520083    0.724246   -0.497458    -0.73569   0.0915552    0.103305    0.115363    0.106807   -0.015571      0.1959
(NM) 2120: f = 394713 at 1.52623e-05    0.385876    0.439113     2.23407 -0.00247916   0.0197168   0.0119398   0.0741247   0.0999909    0.157522     0.15811    0.150504    0.133443    0.183732    0.106164    0.089061   0.0900676  -0.0478431   0.0370359    0.520095    0.724252   -0.497466   -0.735684   0.0915518     0.10331    0.115368    0.106815  -0.0155878    0.195822
(NM) 2140: f = 394713 at 1.52468e-05    0.385876    0.439111     2.23407 -0.00254242   0.0197139   0.0119426   0.0741469   0.0999568    0.157515    0.158091    0.150496     0.13345    0.183732    0.106143   0.0890563   0.0900524  -0.0478392   0.0370399    0.520084     0.72424   -0.497452   -0.735696   0.0915558    0.103306     0.11536    0.106804  -0.0155725    0.195974
(NM) 2160: f = 394713 at   1.528e-05    0.385877    0.439114     2.23406 -0.00252775    0.019696   0.0119504   0.0741607   0.0999858    0.157524    0.158116    0.150542    0.133456    0.183718    0.106147   0.0890557   0.0900654  -0.0478428   0.0370363    0.520105    0.724247   -0.497451   -0.735693   0.0915474    0.103303    0.115368    0.106837  -0.0155845    0.195877
(NM) 2180: f = 394713 at 1.52485e-05     0.38588    0.439111     2.23407  -0.0024904   0.0196984   0.0119583   0.0741352   0.0999949    0.157515    0.158122    0.150511     0.13344    0.183726    0.106153   0.0890948   0.0900704  -0.0478409    0.037037    0.520078    0.724247   -0.497462   -0.735695   0.0915477     0.10331    0.115362    0.106826  -0.0155819    0.195836
(NM) 2200: f = 394713 at 1.52947e-05    0.385872    0.439108     2.23405 -0.00249663   0.0197028    0.011953   0.0741566   0.0999971     0.15751    0.158146    0.150531    0.133449    0.183722    0.106154   0.0890611   0.0900563  -0.0478446   0.0370336    0.520111    0.724251   -0.497451   -0.735688   0.0915454    0.103311    0.115369    0.106836  -0.0155959    0.195887
(NM) 2220: f = 394713 at 1.52947e-05    0.385872    0.439108     2.23405 -0.00249663   0.0197028    0.011953   0.0741566   0.0999971     0.15751    0.158146    0.150531    0.133449    0.183722    0.106154   0.0890611   0.0900563  -0.0478446   0.0370336    0.520111    0.724251   -0.497451   -0.735688   0.0915454    0.103311    0.115369    0.106836  -0.0155959    0.195887
(NM) 2240: f = 394713 at 1.53337e-05    0.385876    0.439111     2.23404  -0.0024918   0.0197159   0.0119403   0.0741548   0.0999868    0.157504    0.158128    0.150539    0.133454    0.183751    0.106158   0.0890905   0.0900666  -0.0478437   0.0370357    0.520118    0.724273   -0.497457   -0.735707   0.0915537    0.103307    0.115361    0.106817   -0.015602    0.195775
(NM) 2260: f = 394713 at 1.53023e-05    0.385877    0.439112     2.23405 -0.00251203   0.0197194   0.0119579    0.074148   0.0999943    0.157509    0.158115    0.150536     0.13346    0.183725    0.106159   0.0890847   0.0900487  -0.0478401   0.0370379    0.520102     0.72425   -0.497446   -0.735698   0.0915439    0.103306    0.115359    0.106815  -0.0155981    0.195903
(NM) 2280: f = 394713 at 1.53397e-05    0.385876     0.43911     2.23403 -0.00248125   0.0197339   0.0119596   0.0741237   0.0999886    0.157523    0.158131    0.150563    0.133481    0.183753    0.106169   0.0890934   0.0900486  -0.0478437   0.0370352    0.520123    0.724273   -0.497453   -0.735715   0.0915464    0.103307    0.115359    0.106818  -0.0155978     0.19577
(NM) 2300: f = 394713 at 1.53216e-05     0.38588    0.439107     2.23404 -0.00250439   0.0197023   0.0119897   0.0741514   0.0999949    0.157531    0.158105    0.150547    0.133451    0.183739    0.106149   0.0891138   0.0900438  -0.0478426    0.037034    0.520107    0.724281   -0.497444   -0.735723   0.0915492     0.10331    0.115355    0.106832  -0.0155701    0.195811
(NM) 2320: f = 394713 at 1.53731e-05    0.385877    0.439106     2.23402  -0.0024934   0.0197303   0.0119776   0.0741342   0.0999918    0.157523    0.158126    0.150561    0.133476    0.183748    0.106166    0.089116   0.0900347  -0.0478424   0.0370338    0.520128    0.724284   -0.497441   -0.735716   0.0915458    0.103311     0.11535    0.106813  -0.0156049    0.195816
(NM) 2340: f = 394713 at 1.5327e-05   0.385879   0.439106    2.23404 -0.0025174  0.0197158  0.0119809  0.0741277   0.100007   0.157518   0.158116   0.150553   0.133468   0.183731    0.10616  0.0891283  0.0900416 -0.0478419  0.0370342   0.520112   0.724273  -0.497447  -0.735719  0.0915469   0.103312    0.11536   0.106831 -0.0155856   0.195803
(NM) 2360: f = 394713 at 1.53204e-05     0.38588    0.439106     2.23404 -0.00252652   0.0197204   0.0119872   0.0741469    0.100003    0.157523    0.158108    0.150545    0.133466    0.183732    0.106155   0.0891341   0.0900443  -0.0478409   0.0370344    0.520112    0.724274   -0.497444   -0.735725   0.0915447    0.103313    0.115353    0.106824  -0.0155853    0.195842
(NM) 2380: f = 394713 at 1.53233e-05    0.385878    0.439108     2.23404 -0.00251226   0.0197277   0.0119711   0.0741288    0.100015    0.157511    0.158098    0.150542    0.133458     0.18373    0.106161    0.089125   0.0900448  -0.0478441   0.0370322    0.520121    0.724288   -0.497452   -0.735723   0.0915508    0.103316    0.115363    0.106837  -0.0155742    0.195777
(NM) 2400: f = 394713 at 1.53008e-05    0.385881    0.439108     2.23405 -0.00252873   0.0197269   0.0119856   0.0741067    0.100027    0.157503    0.158099    0.150539    0.133468    0.183699    0.106154    0.089143     0.09004  -0.0478422   0.0370324    0.520112     0.72428   -0.497444   -0.735728   0.0915469     0.10332    0.115367    0.106851  -0.0155708    0.195819
(NM) 2420: f = 394713 at 1.53405e-05    0.385877     0.43911     2.23404 -0.00250639   0.0197716    0.011965   0.0740946    0.100014    0.157485     0.15811    0.150538    0.133479    0.183712    0.106165   0.0891387   0.0900307  -0.0478438   0.0370306    0.520143      0.7243    -0.49744   -0.735734   0.0915485    0.103324    0.115361    0.106838  -0.0155859    0.195828
(NM) 2440: f = 394713 at 1.53405e-05    0.385877     0.43911     2.23404 -0.00250639   0.0197716    0.011965   0.0740946    0.100014    0.157485     0.15811    0.150538    0.133479    0.183712    0.106165   0.0891387   0.0900307  -0.0478438   0.0370306    0.520143      0.7243    -0.49744   -0.735734   0.0915485    0.103324    0.115361    0.106838  -0.0155859    0.195828
(NM) 2460: f = 394713 at 1.52782e-05    0.385878    0.439108     2.23406 -0.00255028   0.0197671    0.011963   0.0741131    0.100044    0.157494    0.158098    0.150537    0.133468    0.183705    0.106166   0.0891538   0.0900423   -0.047844   0.0370309     0.52013    0.724277   -0.497455   -0.735736   0.0915476    0.103323    0.115368    0.106849  -0.0155683    0.195799
(NM) 2480: f = 394713 at 1.53272e-05    0.385876    0.439111     2.23404 -0.00253246    0.019757   0.0119514   0.0740885    0.100017    0.157489    0.158096    0.150546    0.133484    0.183707    0.106162   0.0891147   0.0900408  -0.0478437    0.037032    0.520139    0.724286   -0.497442   -0.735726     0.09155    0.103318    0.115368    0.106849  -0.0155731    0.195856
(NM) 2500: f = 394713 at 1.52926e-05    0.385876    0.439108     2.23406 -0.00254039   0.0197694   0.0119575   0.0740898    0.100031    0.157479    0.158082     0.15052    0.133463    0.183696    0.106159   0.0891355   0.0900323  -0.0478441   0.0370301    0.520133    0.724288   -0.497447   -0.735731   0.0915531    0.103327    0.115369    0.106851  -0.0155573    0.195873
(NM) 2520: f = 394713 at 1.53236e-05    0.385876    0.439111     2.23404 -0.00253382   0.0197594   0.0119512   0.0740884    0.100019    0.157489    0.158092    0.150545    0.133484    0.183707    0.106162   0.0891137   0.0900404  -0.0478439   0.0370318    0.520139    0.724287   -0.497442   -0.735728   0.0915503    0.103319    0.115368     0.10685  -0.0155698    0.195859
(NM) 2540: f = 394713 at 1.53021e-05    0.385877    0.439106     2.23405 -0.00252635   0.0197673   0.0119678   0.0740879    0.100024    0.157502    0.158095    0.150544    0.133476    0.183718     0.10616   0.0891364   0.0900363  -0.0478461   0.0370293    0.520139    0.724295   -0.497452   -0.735745    0.091553    0.103324    0.115367    0.106852  -0.0155536    0.195785
(NM) 2560: f = 394713 at 1.52883e-05    0.385877    0.439109     2.23406 -0.00251416   0.0197682   0.0119632   0.0740842    0.100036    0.157497    0.158091    0.150537    0.133465    0.183707     0.10616   0.0891224   0.0900323  -0.0478449   0.0370305    0.520131    0.724282   -0.497445   -0.735736   0.0915489    0.103323    0.115364    0.106854  -0.0155469    0.195873
(NM) 2580: f = 394713 at 1.52962e-05    0.385875    0.439109     2.23406 -0.00253256   0.0197808   0.0119569   0.0740762    0.100036    0.157491    0.158076    0.150538    0.133478    0.183707    0.106162   0.0891195   0.0900334  -0.0478447   0.0370305    0.520138    0.724285   -0.497444   -0.735738   0.0915492    0.103324    0.115366    0.106852  -0.0155478    0.195892
(NM) 2600: f = 394713 at 1.52844e-05    0.385875    0.439109     2.23406 -0.00254494   0.0197814   0.0119568   0.0740866    0.100053    0.157492    0.158074    0.150542    0.133478     0.18371    0.106159   0.0891153   0.0900406  -0.0478444   0.0370314    0.520134    0.724278   -0.497445   -0.735743    0.091548    0.103321    0.115364    0.106849  -0.0155417     0.19591
(NM) 2620: f = 394713 at 1.52809e-05    0.385876    0.439109     2.23406 -0.00251871   0.0197701    0.011949   0.0740745    0.100045    0.157499    0.158069    0.150531    0.133465    0.183713     0.10616   0.0891046   0.0900431  -0.0478441   0.0370319    0.520126    0.724273   -0.497444   -0.735736    0.091549     0.10332    0.115361    0.106852  -0.0155319    0.195939
(NM) 2640: f = 394713 at 1.52814e-05    0.385876    0.439106     2.23406 -0.00253806   0.0197792   0.0119552    0.074093     0.10008    0.157495    0.158067    0.150541    0.133467    0.183715    0.106162   0.0891299   0.0900498  -0.0478445   0.0370302    0.520131    0.724275   -0.497445   -0.735752   0.0915455    0.103323    0.115358    0.106859  -0.0155285    0.195939
(NM) 2660: f = 394713 at 1.52914e-05    0.385875    0.439107     2.23406 -0.00252816    0.019759   0.0119542    0.074099     0.10005    0.157492    0.158082    0.150531    0.133464    0.183714    0.106157   0.0891102   0.0900497  -0.0478437   0.0370319    0.520123    0.724271   -0.497444   -0.735736   0.0915482     0.10332    0.115361    0.106849  -0.0155451    0.195946
(NM) 2680: f = 394713 at 1.53228e-05    0.385876    0.439105     2.23404 -0.00250625   0.0197683   0.0119525   0.0740875    0.100067    0.157494     0.15808    0.150542     0.13347    0.183727    0.106166   0.0891206   0.0900529  -0.0478447   0.0370304    0.520133    0.724284   -0.497442   -0.735744   0.0915473    0.103321    0.115355    0.106852  -0.0155441    0.195911
(NM) 2700: f = 394713 at   1.532e-05    0.385876    0.439105     2.23404 -0.00250713   0.0197687   0.0119516   0.0740878    0.100071    0.157493    0.158079    0.150541    0.133469    0.183726    0.106166   0.0891213   0.0900546  -0.0478448   0.0370303    0.520132    0.724283   -0.497443   -0.735744   0.0915473    0.103321    0.115356    0.106853  -0.0155425    0.195914
(NM) 2720: f = 394713 at 1.52902e-05    0.385875    0.439107     2.23406 -0.00252107   0.0197785    0.011946   0.0740894    0.100075    0.157497    0.158059    0.150528    0.133466    0.183723    0.106161    0.089108    0.090057  -0.0478447   0.0370305     0.52013    0.724279   -0.497446   -0.735745    0.091548    0.103322    0.115354    0.106849  -0.0155289    0.195961
(NM) 2740: f = 394713 at 1.52902e-05    0.385875    0.439107     2.23406 -0.00252107   0.0197785    0.011946   0.0740894    0.100075    0.157497    0.158059    0.150528    0.133466    0.183723    0.106161    0.089108    0.090057  -0.0478447   0.0370305     0.52013    0.724279   -0.497446   -0.735745    0.091548    0.103322    0.115354    0.106849  -0.0155289    0.195961
(NM) 2760: f = 394713 at 1.52943e-05    0.385876    0.439106     2.23405 -0.00253156   0.0197748   0.0119458   0.0740924    0.100071    0.157492    0.158064    0.150522    0.133466    0.183718     0.10616    0.089118   0.0900613  -0.0478442   0.0370306    0.520129    0.724279   -0.497447   -0.735747   0.0915503    0.103323    0.115357     0.10685  -0.0155372    0.195951
(NM) 2780: f = 394713 at 1.53149e-05    0.385875    0.439105     2.23405 -0.00251828   0.0197769   0.0119558   0.0741036     0.10008    0.157499    0.158073    0.150538    0.133475    0.183726    0.106165   0.0891205   0.0900619  -0.0478464   0.0370284     0.52014    0.724291   -0.497449   -0.735749   0.0915477    0.103323    0.115356    0.106854  -0.0155464    0.195885
(NM) 2800: f = 394713 at 1.53197e-05    0.385876    0.439105     2.23404 -0.00253107   0.0197666   0.0119576   0.0741122    0.100079    0.157506    0.158078    0.150531    0.133477    0.183719    0.106164   0.0891211   0.0900684  -0.0478441   0.0370296    0.520134    0.724283   -0.497443   -0.735739   0.0915446    0.103322    0.115351    0.106843  -0.0155632    0.195929
(NM) 2820: f = 394713 at 1.52998e-05    0.385875    0.439105     2.23405 -0.00251506   0.0197827   0.0119519   0.0741005    0.100093    0.157505    0.158071    0.150521    0.133472     0.18372    0.106165   0.0891128    0.090073  -0.0478463   0.0370279    0.520138    0.724284    -0.49745   -0.735747   0.0915475    0.103326    0.115354    0.106852  -0.0155469    0.195921
(NM) 2840: f = 394713 at 1.53319e-05    0.385876    0.439104     2.23404 -0.00251942   0.0197756   0.0119538   0.0741049    0.100085      0.1575    0.158077    0.150521    0.133482    0.183724    0.106166   0.0891222   0.0900769  -0.0478454   0.0370283     0.52014    0.724293   -0.497447   -0.735744   0.0915482    0.103325    0.115352    0.106844   -0.015565    0.195896
(NM) 2860: f = 394713 at 1.53048e-05    0.385876    0.439104     2.23405 -0.00251995   0.0197692   0.0119604   0.0741138    0.100085    0.157513    0.158079    0.150528    0.133474    0.183725    0.106159   0.0891104   0.0900772  -0.0478461   0.0370284    0.520135    0.724285   -0.497448   -0.735749   0.0915474    0.103322    0.115351    0.106853  -0.0155484    0.195905
(NM) 2880: f = 394713 at 1.53313e-05    0.385874    0.439103     2.23404  -0.0025046   0.0197878   0.0119544   0.0741026    0.100092    0.157508    0.158078    0.150524     0.13349    0.183733    0.106166   0.0891049    0.090083  -0.0478471   0.0370272    0.520146    0.724294    -0.49745    -0.73575    0.091548    0.103325     0.11535    0.106845  -0.0155616    0.195896
(NM) 2900: f = 394713 at 1.53279e-05    0.385875    0.439104     2.23404 -0.00252194   0.0197815    0.011952   0.0741067    0.100079    0.157509    0.158082    0.150514    0.133491    0.183724    0.106163   0.0891046   0.0900844   -0.047845   0.0370288    0.520141    0.724287   -0.497445   -0.735741   0.0915475    0.103324    0.115348    0.106836  -0.0155739    0.195932
(NM) 2920: f = 394713 at 1.53279e-05    0.385875    0.439104     2.23404 -0.00252194   0.0197815    0.011952   0.0741067    0.100079    0.157509    0.158082    0.150514    0.133491    0.183724    0.106163   0.0891046   0.0900844   -0.047845   0.0370288    0.520141    0.724287   -0.497445   -0.735741   0.0915475    0.103324    0.115348    0.106836  -0.0155739    0.195932
(NM) 2940: f = 394713 at 1.53164e-05    0.385875    0.439104     2.23405 -0.00252035   0.0197863   0.0119563   0.0741157    0.100084    0.157517    0.158088    0.150516    0.133491    0.183725    0.106163   0.0891022   0.0900881  -0.0478462   0.0370278    0.520143    0.724286   -0.497449   -0.735746   0.0915466    0.103324    0.115349     0.10684  -0.0155739    0.195915
(NM) 2960: f = 394713 at 1.53194e-05    0.385876    0.439105     2.23404 -0.00252278   0.0197893   0.0119567   0.0741097    0.100076    0.157509    0.158097    0.150515    0.133494    0.183719    0.106162   0.0891017   0.0900832   -0.047846    0.037028    0.520146    0.724286   -0.497446   -0.735746   0.0915473    0.103325    0.115351    0.106842  -0.0155768    0.195922
(NM) 2980: f = 394713 at 1.53194e-05    0.385876    0.439105     2.23404 -0.00252278   0.0197893   0.0119567   0.0741097    0.100076    0.157509    0.158097    0.150515    0.133494    0.183719    0.106162   0.0891017   0.0900832   -0.047846    0.037028    0.520146    0.724286   -0.497446   -0.735746   0.0915473    0.103325    0.115351    0.106842  -0.0155768    0.195922
(NM) 3000: f = 394713 at 1.53194e-05    0.385876    0.439105     2.23404 -0.00252278   0.0197893   0.0119567   0.0741097    0.100076    0.157509    0.158097    0.150515    0.133494    0.183719    0.106162   0.0891017   0.0900832   -0.047846    0.037028    0.520146    0.724286   -0.497446   -0.735746   0.0915473    0.103325    0.115351    0.106842  -0.0155768    0.195922
(NM) 3020: f = 394713 at  1.5318e-05    0.385876    0.439104     2.23404 -0.00251174   0.0197941   0.0119595   0.0740991     0.10008    0.157515    0.158102    0.150514    0.133497    0.183721    0.106166    0.089105   0.0900849  -0.0478465   0.0370273    0.520146    0.724287   -0.497448   -0.735749   0.0915473    0.103326     0.11535    0.106842  -0.0155795    0.195897
(NM) 3040: f = 394713 at 1.53193e-05    0.385877    0.439104     2.23404 -0.00251797   0.0197842   0.0119547   0.0741034    0.100081    0.157508    0.158093    0.150512     0.13349    0.183719    0.106162   0.0891069   0.0900858   -0.047846   0.0370279    0.520143    0.724287   -0.497447   -0.735747   0.0915488    0.103325    0.115351    0.106845  -0.0155714     0.19591
(NM) 3060: f = 394713 at 1.53209e-05    0.385877    0.439104     2.23404 -0.00251128   0.0197894   0.0119563   0.0741024     0.10008    0.157512    0.158095    0.150513    0.133491    0.183727    0.106164   0.0891038   0.0900842  -0.0478459   0.0370283    0.520142    0.724286   -0.497446   -0.735748    0.091548    0.103324    0.115348     0.10684  -0.0155727    0.195915
(NM) 3080: f = 394713 at 1.53196e-05    0.385877    0.439104     2.23404 -0.00251299   0.0197886   0.0119587   0.0741115    0.100084    0.157518    0.158102    0.150511    0.133496    0.183723    0.106163   0.0890997   0.0900935  -0.0478464   0.0370275    0.520145    0.724287   -0.497448   -0.735747    0.091547    0.103325    0.115348     0.10684  -0.0155815    0.195902
(NM) 3100: f = 394713 at 1.53217e-05    0.385876    0.439104     2.23404 -0.00251015   0.0197901   0.0119576   0.0741008    0.100082    0.157512    0.158099    0.150514    0.133494    0.183725    0.106165   0.0891042   0.0900858  -0.0478463   0.0370277    0.520144    0.724287   -0.497448   -0.735749   0.0915479    0.103325     0.11535    0.106841  -0.0155748    0.195901
(NM) 3120: f = 394713 at 1.53158e-05    0.385877    0.439104     2.23405   -0.002513   0.0197925   0.0119559   0.0741009    0.100086    0.157515    0.158099    0.150511    0.133497    0.183721    0.106163   0.0891023   0.0900915  -0.0478467   0.0370274    0.520145    0.724287   -0.497449   -0.735751   0.0915482    0.103326     0.11535    0.106845   -0.015575    0.195897
(NM) 3140: f = 394713 at 1.53233e-05    0.385877    0.439104     2.23404 -0.00251476   0.0197908   0.0119622   0.0741046    0.100085    0.157517    0.158099    0.150514      0.1335    0.183725    0.106164   0.0891056   0.0900904  -0.0478464   0.0370275    0.520145     0.72429   -0.497449   -0.735751   0.0915478    0.103325    0.115349     0.10684    -0.01558    0.195887
(NM) 3160: f = 394713 at 1.53256e-05    0.385877    0.439104     2.23404 -0.00250829   0.0197915   0.0119594   0.0740994     0.10009    0.157515    0.158101    0.150515    0.133502    0.183729    0.106165   0.0891004    0.090094  -0.0478465   0.0370279    0.520143    0.724289   -0.497449   -0.735752   0.0915476    0.103324    0.115349    0.106841  -0.0155785    0.195882
(NM) 3180: f = 394713 at 1.53256e-05    0.385877    0.439104     2.23404 -0.00250829   0.0197915   0.0119594   0.0740994     0.10009    0.157515    0.158101    0.150515    0.133502    0.183729    0.106165   0.0891004    0.090094  -0.0478465   0.0370279    0.520143    0.724289   -0.497449   -0.735752   0.0915476    0.103324    0.115349    0.106841  -0.0155785    0.195882
(NM) 3200: f = 394713 at 1.53256e-05    0.385877    0.439104     2.23404 -0.00250829   0.0197915   0.0119594   0.0740994     0.10009    0.157515    0.158101    0.150515    0.133502    0.183729    0.106165   0.0891004    0.090094  -0.0478465   0.0370279    0.520143    0.724289   -0.497449   -0.735752   0.0915476    0.103324    0.115349    0.106841  -0.0155785    0.195882
(NM) 3220: f = 394713 at 1.53256e-05    0.385877    0.439104     2.23404 -0.00250829   0.0197915   0.0119594   0.0740994     0.10009    0.157515    0.158101    0.150515    0.133502    0.183729    0.106165   0.0891004    0.090094  -0.0478465   0.0370279    0.520143    0.724289   -0.497449   -0.735752   0.0915476    0.103324    0.115349    0.106841  -0.0155785    0.195882
(NM) 3240: f = 394713 at 1.53334e-05    0.385877    0.439104     2.23404  -0.0025104   0.0197889   0.0119651   0.0741056    0.100092    0.157517    0.158107    0.150518    0.133505    0.183731    0.106165    0.089105   0.0900962  -0.0478467   0.0370277    0.520144    0.724291   -0.497449   -0.735754   0.0915474    0.103324    0.115348    0.106841  -0.0155856    0.195859
(NM) 3260: f = 394713 at 1.53293e-05    0.385878    0.439104     2.23404 -0.00251719   0.0197903   0.0119635   0.0741019     0.10009    0.157514    0.158106    0.150514    0.133506     0.18373    0.106164   0.0891073   0.0900961   -0.047846   0.0370284    0.520141     0.72429   -0.497449   -0.735755   0.0915485    0.103323    0.115349    0.106839  -0.0155843    0.195863
(NM) 3280: f = 394713 at 1.53338e-05    0.385878    0.439104     2.23404  -0.0025101   0.0197902   0.0119675   0.0741016    0.100094    0.157515    0.158108    0.150517    0.133509    0.183731    0.106166   0.0891055   0.0900971  -0.0478467   0.0370279    0.520143    0.724293    -0.49745   -0.735755   0.0915478    0.103323     0.11535    0.106841   -0.015587    0.195841
(NM) 3300: f = 394713 at  1.5327e-05    0.385878    0.439105     2.23404 -0.00251314   0.0197854   0.0119657   0.0741044    0.100097    0.157514    0.158103    0.150519    0.133503     0.18373    0.106165   0.0891051   0.0900956  -0.0478464   0.0370283    0.520139     0.72429    -0.49745   -0.735753   0.0915472    0.103323     0.11535    0.106843   -0.015581    0.195852
(NM) 3320: f = 394713 at  1.5327e-05    0.385878    0.439105     2.23404 -0.00251314   0.0197854   0.0119657   0.0741044    0.100097    0.157514    0.158103    0.150519    0.133503     0.18373    0.106165   0.0891051   0.0900956  -0.0478464   0.0370283    0.520139     0.72429    -0.49745   -0.735753   0.0915472    0.103323     0.11535    0.106843   -0.015581    0.195852
(NM) 3340: f = 394713 at  1.5327e-05    0.385878    0.439106     2.23404 -0.00251978     0.01979   0.0119658   0.0741011    0.100096    0.157511    0.158102    0.150515    0.133508    0.183727    0.106164   0.0891064   0.0900973  -0.0478465   0.0370281    0.520142    0.724294    -0.49745   -0.735756   0.0915483    0.103324    0.115352    0.106844  -0.0155826     0.19584
(NM) 3360: f = 394713 at  1.5327e-05    0.385878    0.439106     2.23404 -0.00251978     0.01979   0.0119658   0.0741011    0.100096    0.157511    0.158102    0.150515    0.133508    0.183727    0.106164   0.0891064   0.0900973  -0.0478465   0.0370281    0.520142    0.724294    -0.49745   -0.735756   0.0915483    0.103324    0.115352    0.106844  -0.0155826     0.19584
(NM) 3380: f = 394713 at  1.5327e-05    0.385878    0.439106     2.23404 -0.00251978     0.01979   0.0119658   0.0741011    0.100096    0.157511    0.158102    0.150515    0.133508    0.183727    0.106164   0.0891064   0.0900973  -0.0478465   0.0370281    0.520142    0.724294    -0.49745   -0.735756   0.0915483    0.103324    0.115352    0.106844  -0.0155826     0.19584
(NM) 3400: f = 394713 at 1.53254e-05    0.385878    0.439105     2.23404 -0.00252021   0.0197897   0.0119648   0.0741014    0.100093    0.157512    0.158104    0.150517    0.133507    0.183727    0.106164   0.0891061   0.0900947  -0.0478462   0.0370284    0.520141    0.724291    -0.49745   -0.735754   0.0915477    0.103323    0.115351    0.106842  -0.0155837    0.195851
(NM) 3420: f = 394713 at 1.53264e-05    0.385877    0.439105     2.23404 -0.00251733   0.0197932    0.011964   0.0740998    0.100095    0.157512    0.158102    0.150516    0.133508    0.183728    0.106165   0.0891039    0.090095  -0.0478465   0.0370281    0.520143    0.724292    -0.49745   -0.735755   0.0915478    0.103324    0.115351    0.106842  -0.0155826    0.195853
(NM) 3440: f = 394713 at 1.53274e-05    0.385878    0.439106     2.23404 -0.00251583   0.0197925   0.0119643   0.0741017    0.100095    0.157512    0.158107    0.150514    0.133508    0.183729    0.106166   0.0891039    0.090097  -0.0478465   0.0370282    0.520142    0.724292    -0.49745   -0.735755   0.0915479    0.103323    0.115351    0.106841  -0.0155865    0.195844
(NM) 3460: f = 394713 at  1.5327e-05    0.385878    0.439106     2.23404 -0.00251829   0.0197963   0.0119646   0.0741013    0.100102    0.157512    0.158104    0.150515    0.133512    0.183729    0.106166   0.0891029   0.0900999  -0.0478468   0.0370278    0.520143    0.724294   -0.497451   -0.735757   0.0915472    0.103324    0.115351    0.106844  -0.0155859    0.195839
(NM) 3480: f = 394713 at 1.53213e-05    0.385878    0.439106     2.23404 -0.00252171   0.0197969   0.0119585   0.0740985    0.100097    0.157511    0.158106     0.15051    0.133509    0.183727    0.106166   0.0890994   0.0900989   -0.047846   0.0370287     0.52014    0.724289    -0.49745   -0.735753    0.091547    0.103324    0.115351    0.106841  -0.0155871    0.195864
(NM) 3500: f = 394713 at 1.53296e-05    0.385878    0.439105     2.23404 -0.00251602   0.0197937   0.0119644    0.074105      0.1001    0.157514    0.158108    0.150515    0.133509    0.183731    0.106167   0.0891048   0.0900997  -0.0478466   0.0370279    0.520142    0.724292   -0.497451   -0.735755   0.0915468    0.103324    0.115349    0.106842  -0.0155889    0.195844
(NM) 3520: f = 394713 at 1.53291e-05    0.385878    0.439105     2.23404 -0.00251843   0.0197966   0.0119609    0.074101    0.100102     0.15751    0.158115    0.150512    0.133509    0.183731    0.106169   0.0891073   0.0901003   -0.047846   0.0370284     0.52014     0.72429   -0.497451   -0.735755   0.0915463    0.103324    0.115349     0.10684  -0.0155934    0.195848
(NM) 3540: f = 394713 at 1.53305e-05    0.385878    0.439105     2.23404 -0.00251662   0.0197993   0.0119574   0.0741047    0.100107    0.157512    0.158111     0.15051    0.133507    0.183735     0.10617   0.0891042   0.0901041  -0.0478466   0.0370277    0.520143    0.724293   -0.497452   -0.735756   0.0915463    0.103325    0.115348    0.106842  -0.0155918    0.195849
(NM) 3560: f = 394713 at   1.534e-05    0.385877    0.439105     2.23404 -0.00251731   0.0197989   0.0119607   0.0741123    0.100116    0.157511    0.158114    0.150518    0.133508     0.18374    0.106175   0.0891087   0.0901026  -0.0478465   0.0370277    0.520143    0.724294   -0.497453   -0.735755   0.0915435    0.103325    0.115347    0.106842  -0.0155985    0.195835
(NM) 3580: f = 394713 at 1.53436e-05    0.385878    0.439105     2.23403 -0.00251349      0.0198   0.0119589     0.07411    0.100114    0.157509    0.158122    0.150517    0.133507    0.183746    0.106177   0.0891109   0.0901033  -0.0478467   0.0370278    0.520142    0.724296   -0.497455   -0.735757   0.0915446    0.103325    0.115348    0.106842  -0.0156026     0.19581
(NM) 3600: f = 394713 at 1.53377e-05    0.385877    0.439106     2.23404 -0.00252529   0.0198078   0.0119557   0.0741079    0.100113    0.157507    0.158123    0.150516    0.133512    0.183743    0.106178   0.0891103   0.0901024  -0.0478465   0.0370279    0.520144    0.724295   -0.497455   -0.735758   0.0915438    0.103325    0.115349    0.106843  -0.0156045    0.195815
(NM) 3620: f = 394713 at 1.53412e-05    0.385877    0.439105     2.23404 -0.00251866   0.0198111   0.0119552    0.074105    0.100117    0.157505    0.158124    0.150518    0.133506    0.183756    0.106183   0.0891152   0.0900978  -0.0478465   0.0370281    0.520141    0.724296   -0.497457   -0.735762    0.091544    0.103325    0.115348    0.106842   -0.015599    0.195806
(NM) 3640: f = 394713 at 1.53335e-05    0.385878    0.439105     2.23404 -0.00252858   0.0198092    0.011957   0.0741102    0.100112    0.157509    0.158129    0.150514    0.133509    0.183749    0.106179    0.089114   0.0901019  -0.0478465   0.0370278    0.520141    0.724295   -0.497457   -0.735761   0.0915445    0.103326    0.115349    0.106842  -0.0156049    0.195806
(NM) 3660: f = 394713 at 1.53314e-05    0.385877    0.439106     2.23404 -0.00253771   0.0198128   0.0119509   0.0741084    0.100118    0.157502    0.158132    0.150518    0.133506    0.183753    0.106184   0.0891148   0.0900976   -0.047846   0.0370286    0.520138    0.724292   -0.497458   -0.735761   0.0915423    0.103326    0.115351    0.106847  -0.0156044    0.195809
(NM) 3680: f = 394713 at 1.53315e-05    0.385877    0.439106     2.23404  -0.0025374   0.0198171   0.0119547   0.0741096    0.100113    0.157507    0.158121    0.150516    0.133511    0.183754    0.106181   0.0891094    0.090099  -0.0478468   0.0370278    0.520143    0.724298   -0.497457   -0.735763   0.0915436    0.103326     0.11535    0.106845  -0.0155996    0.195805
(NM) 3700: f = 394713 at 1.53331e-05    0.385877    0.439105     2.23404 -0.00253861   0.0198151   0.0119551    0.074106     0.10011     0.15751    0.158126    0.150514    0.133512    0.183753    0.106182   0.0891118   0.0900977   -0.047846   0.0370283     0.52014    0.724295   -0.497456   -0.735761   0.0915431    0.103326    0.115349    0.106842  -0.0156041    0.195815
(NM) 3720: f = 394713 at 1.53274e-05    0.385877    0.439105     2.23404 -0.00254845   0.0198123   0.0119545   0.0741123    0.100115    0.157508    0.158119    0.150521    0.133503    0.183757    0.106183   0.0891141   0.0900919  -0.0478457   0.0370288    0.520137    0.724293   -0.497456   -0.735763   0.0915413    0.103325     0.11535    0.106847  -0.0155933    0.195827
(NM) 3740: f = 394713 at 1.53274e-05    0.385877    0.439105     2.23404 -0.00254845   0.0198123   0.0119545   0.0741123    0.100115    0.157508    0.158119    0.150521    0.133503    0.183757    0.106183   0.0891141   0.0900919  -0.0478457   0.0370288    0.520137    0.724293   -0.497456   -0.735763   0.0915413    0.103325     0.11535    0.106847  -0.0155933    0.195827
(NM) 3760: f = 394713 at 1.53245e-05    0.385878    0.439105     2.23404 -0.00254713   0.0198168   0.0119542   0.0741063    0.100112     0.15751    0.158129    0.150518    0.133503    0.183765    0.106186    0.089114     0.09009  -0.0478457   0.0370289    0.520134    0.724293   -0.497458   -0.735764   0.0915413    0.103326     0.11535    0.106847  -0.0155972    0.195811
(NM) 3780: f = 394713 at 1.53281e-05    0.385878    0.439105     2.23404 -0.00255196   0.0198128   0.0119581   0.0741125    0.100115    0.157514    0.158123    0.150517    0.133507     0.18376    0.106183   0.0891084   0.0900945  -0.0478454    0.037029    0.520134    0.724293   -0.497455   -0.735761   0.0915402    0.103325    0.115349    0.106846  -0.0155995     0.19583
(NM) 3800: f = 394713 at 1.53289e-05    0.385878    0.439105     2.23404 -0.00254224   0.0198119   0.0119578   0.0741077    0.100104    0.157518    0.158126    0.150511    0.133506    0.183759    0.106182   0.0891071   0.0900929  -0.0478454   0.0370288    0.520135    0.724294   -0.497454   -0.735759   0.0915419    0.103326    0.115347    0.106842  -0.0156001    0.195832
(NM) 3820: f = 394713 at 1.53207e-05    0.385878    0.439105     2.23404 -0.00254079   0.0198152   0.0119547   0.0740997    0.100112    0.157517    0.158119    0.150511      0.1335    0.183763    0.106184   0.0891054   0.0900897  -0.0478455   0.0370289    0.520132    0.724293   -0.497454   -0.735761    0.091541    0.103326    0.115348    0.106847  -0.0155882    0.195843
(NM) 3840: f = 394713 at 1.53234e-05    0.385878    0.439105     2.23404 -0.00254959    0.019811   0.0119608   0.0741041    0.100105    0.157524    0.158119    0.150512    0.133503    0.183765    0.106183   0.0891011   0.0900872   -0.047845   0.0370293    0.520129    0.724294   -0.497452   -0.735759   0.0915402    0.103325    0.115348    0.106846  -0.0155914    0.195841
(NM) 3860: f = 394713 at 1.53201e-05    0.385878    0.439105     2.23404 -0.00254232   0.0198146   0.0119574   0.0740963    0.100101    0.157524    0.158123    0.150504    0.133505    0.183759    0.106182   0.0890962   0.0900906  -0.0478451   0.0370291    0.520132    0.724292   -0.497452   -0.735758   0.0915417    0.103326    0.115347    0.106844  -0.0155935    0.195856
(NM) 3880: f = 394713 at 1.53211e-05    0.385878    0.439105     2.23404 -0.00254161   0.0198133   0.0119579   0.0740958    0.100102    0.157526    0.158123    0.150504    0.133504     0.18376    0.106182    0.089095   0.0900907   -0.047845   0.0370292     0.52013    0.724292   -0.497451   -0.735757   0.0915413    0.103325    0.115347    0.106845  -0.0155932    0.195857
(NM) 3900: f = 394713 at 1.53209e-05    0.385878    0.439105     2.23404 -0.00254275   0.0198094   0.0119573   0.0740976    0.100103    0.157522    0.158113    0.150504    0.133502    0.183757    0.106181   0.0890955   0.0900908  -0.0478449   0.0370294    0.520129    0.724293   -0.497451   -0.735756   0.0915418    0.103325    0.115348    0.106846  -0.0155877    0.195862
(NM) 3920: f = 394713 at 1.53209e-05    0.385878    0.439105     2.23404 -0.00254275   0.0198094   0.0119573   0.0740976    0.100103    0.157522    0.158113    0.150504    0.133502    0.183757    0.106181   0.0890955   0.0900908  -0.0478449   0.0370294    0.520129    0.724293   -0.497451   -0.735756   0.0915418    0.103325    0.115348    0.106846  -0.0155877    0.195862
(NM) 3940: f = 394713 at 1.53277e-05    0.385878    0.439105     2.23404  -0.0025517   0.0198079   0.0119619   0.0741052    0.100099    0.157525    0.158123     0.15051    0.133506    0.183759     0.10618   0.0890944     0.09009   -0.047845   0.0370294    0.520131    0.724293   -0.497449   -0.735757   0.0915407    0.103324    0.115349    0.106848  -0.0155961    0.195851
(NM) 3960: f = 394713 at 1.53277e-05    0.385878    0.439105     2.23404  -0.0025517   0.0198079   0.0119619   0.0741052    0.100099    0.157525    0.158123     0.15051    0.133506    0.183759     0.10618   0.0890944     0.09009   -0.047845   0.0370294    0.520131    0.724293   -0.497449   -0.735757   0.0915407    0.103324    0.115349    0.106848  -0.0155961    0.195851
(NM) 3980: f = 394713 at 1.53261e-05    0.385878    0.439106     2.23404 -0.00253979   0.0198099   0.0119506   0.0740892    0.100105    0.157518    0.158119    0.150504    0.133497    0.183752    0.106183   0.0890938   0.0900868   -0.047845    0.037029    0.520132    0.724292   -0.497448   -0.735752   0.0915406    0.103327     0.11535    0.106854  -0.0155883    0.195877
(NM) 4000: f = 394713 at 1.53218e-05    0.385879    0.439105     2.23404 -0.00254336   0.0198051   0.0119566   0.0740972    0.100107     0.15752    0.158122    0.150508    0.133497    0.183753     0.10618   0.0890971   0.0900894  -0.0478455   0.0370288    0.520131    0.724292    -0.49745   -0.735757   0.0915414    0.103326    0.115351    0.106858  -0.0155861    0.195857
(NM) 4020: f = 394713 at  1.5319e-05    0.385879    0.439106     2.23404 -0.00254472    0.019801   0.0119552   0.0740934    0.100103    0.157518    0.158119    0.150504    0.133495    0.183746    0.106178    0.089092   0.0900889  -0.0478454    0.037029     0.52013    0.724291   -0.497448   -0.735754   0.0915424    0.103325    0.115354    0.106861   -0.015583    0.195868
(NM) 4040: f = 394713 at 1.53254e-05    0.385878    0.439106     2.23404 -0.00255287   0.0198018   0.0119554   0.0741008      0.1001     0.15752    0.158119    0.150508    0.133493    0.183749    0.106179   0.0890933   0.0900851  -0.0478454   0.0370286    0.520132    0.724293   -0.497447   -0.735754   0.0915413    0.103326    0.115353    0.106862  -0.0155851    0.195876
(NM) 4060: f = 394713 at 1.53253e-05    0.385878    0.439106     2.23404 -0.00255097   0.0198012   0.0119521   0.0740967    0.100104    0.157521    0.158124    0.150507    0.133487    0.183752    0.106182    0.089087   0.0900832  -0.0478454   0.0370287     0.52013    0.724291   -0.497445   -0.735752   0.0915397    0.103326    0.115354    0.106869  -0.0155827    0.195884
(NM) 4080: f = 394713 at 1.53268e-05    0.385879    0.439106     2.23404 -0.00255481   0.0198043    0.011953   0.0740982    0.100097    0.157522    0.158129    0.150504    0.133491     0.18375    0.106181   0.0890908   0.0900841  -0.0478456   0.0370283    0.520133    0.724294   -0.497446   -0.735755   0.0915413    0.103327    0.115354    0.106868  -0.0155873    0.195874
(NM) 4100: f = 394713 at 1.53268e-05    0.385879    0.439106     2.23404 -0.00255481   0.0198043    0.011953   0.0740982    0.100097    0.157522    0.158129    0.150504    0.133491     0.18375    0.106181   0.0890908   0.0900841  -0.0478456   0.0370283    0.520133    0.724294   -0.497446   -0.735755   0.0915413    0.103327    0.115354    0.106868  -0.0155873    0.195874
(NM) 4120: f = 394713 at 1.53268e-05    0.385879    0.439106     2.23404 -0.00255481   0.0198043    0.011953   0.0740982    0.100097    0.157522    0.158129    0.150504    0.133491     0.18375    0.106181   0.0890908   0.0900841  -0.0478456   0.0370283    0.520133    0.724294   -0.497446   -0.735755   0.0915413    0.103327    0.115354    0.106868  -0.0155873    0.195874
(NM) 4140: f = 394713 at  1.5329e-05    0.385879    0.439105     2.23404 -0.00255415   0.0198048   0.0119524   0.0740981    0.100095    0.157523     0.15813    0.150504     0.13349    0.183752    0.106182   0.0890897   0.0900832  -0.0478456   0.0370282    0.520134    0.724294   -0.497446   -0.735754   0.0915412    0.103327    0.115354    0.106869  -0.0155874    0.195875
(NM) 4160: f = 394713 at 1.53307e-05    0.385879    0.439105     2.23404 -0.00255106    0.019802   0.0119526   0.0740973    0.100095    0.157523     0.15812    0.150501    0.133487    0.183752     0.10618   0.0890901   0.0900838  -0.0478457   0.0370281    0.520133    0.724296   -0.497445   -0.735755   0.0915427    0.103327    0.115354    0.106869  -0.0155811    0.195882
(NM) 4180: f = 394713 at 1.53307e-05    0.385879    0.439105     2.23404 -0.00255106    0.019802   0.0119526   0.0740973    0.100095    0.157523     0.15812    0.150501    0.133487    0.183752     0.10618   0.0890901   0.0900838  -0.0478457   0.0370281    0.520133    0.724296   -0.497445   -0.735755   0.0915427    0.103327    0.115354    0.106869  -0.0155811    0.195882
(NM) 4200: f = 394713 at 1.53305e-05    0.385879    0.439106     2.23404 -0.00255563   0.0198015   0.0119523   0.0740965    0.100098    0.157523    0.158122    0.150501    0.133489     0.18375     0.10618    0.089086   0.0900858  -0.0478457   0.0370282    0.520133    0.724296   -0.497444   -0.735755   0.0915422    0.103327    0.115355    0.106873  -0.0155828    0.195879
(NM) 4220: f = 394713 at 1.53295e-05    0.385879    0.439106     2.23404 -0.00255453   0.0198038   0.0119493   0.0740943    0.100099     0.15752     0.15812    0.150499    0.133486    0.183751    0.106181   0.0890868   0.0900844  -0.0478457   0.0370281    0.520133    0.724296   -0.497445   -0.735755   0.0915424    0.103327    0.115356    0.106874  -0.0155797    0.195883
(NM) 4240: f = 394713 at 1.53369e-05    0.385879    0.439105     2.23404 -0.00255402   0.0198018    0.011951   0.0740988    0.100098    0.157521    0.158123    0.150502    0.133487    0.183753    0.106182   0.0890882   0.0900848  -0.0478459    0.037028    0.520134    0.724298   -0.497445   -0.735755   0.0915422    0.103327    0.115355    0.106873  -0.0155846    0.195871
(NM) 4260: f = 394713 at 1.53329e-05    0.385879    0.439106     2.23404 -0.00255444   0.0198038   0.0119519   0.0740967    0.100101    0.157522    0.158121    0.150501     0.13349    0.183753    0.106182   0.0890868   0.0900868  -0.0478458   0.0370281    0.520133    0.724298   -0.497445   -0.735756   0.0915421    0.103327    0.115355    0.106872   -0.015584     0.19587
(NM) 4280: f = 394713 at 1.53334e-05    0.385878    0.439105     2.23404 -0.00255381   0.0198049   0.0119496   0.0740989    0.100099    0.157521    0.158123    0.150502    0.133486    0.183756    0.106184   0.0890879   0.0900833  -0.0478457   0.0370281    0.520133    0.724297   -0.497445   -0.735755   0.0915415    0.103327    0.115354    0.106872  -0.0155831    0.195879
(NM) 4300: f = 394713 at 1.53351e-05    0.385879    0.439106     2.23404 -0.00255242   0.0198032   0.0119507   0.0740972    0.100099    0.157521    0.158122    0.150501    0.133489    0.183752    0.106182   0.0890872   0.0900867  -0.0478458    0.037028    0.520134    0.724298   -0.497445   -0.735755   0.0915422    0.103327    0.115355    0.106872  -0.0155843    0.195874
Generalized linear mixed model fit by maximum likelihood (Laplace
  Approximation) [glmerMod]
 Family: poisson  ( log )
Formula: gs ~ year + field + d_div + o_div + game_length + (1 | offense) +  
    (1 | defense) + (1 | game_id)
   Data: g
      AIC       BIC    logLik  deviance  df.resid 
 394770.7  395036.7 -197356.3  394712.7     71177 
Random effects:
 Groups  Name        Std.Dev. 
 game_id (Intercept) 1.534e-05
 defense (Intercept) 3.859e-01
 offense (Intercept) 4.391e-01
Number of obs: 71206, groups:  game_id, 35603; defense, 4576; offense, 4576
Fixed Effects:
      (Intercept)           year2003           year2004           year2005  
         2.234037          -0.002552           0.019803           0.011951  
         year2006           year2007           year2008           year2009  
         0.074097           0.100099           0.157521           0.158122  
         year2010           year2011           year2012           year2013  
         0.150501           0.133489           0.183752           0.106182  
         year2014           year2015  fielddefense_home  fieldoffense_home  
         0.089087           0.090087          -0.047846           0.037028  
           d_div2             d_div3             o_div2             o_div3  
         0.520134           0.724298          -0.497445          -0.735755  
  game_length1 OT    game_length2 OT    game_length3 OT    game_length4 OT  
         0.091542           0.103327           0.115355           0.106872  
  game_length5 OT    game_length6 OT  
        -0.015584           0.195874  
Generalized linear mixed model fit by maximum likelihood (Laplace
  Approximation) [glmerMod]
 Family: poisson  ( log )
Formula: gs ~ year + field + d_div + o_div + game_length + (1 | offense) +  
    (1 | defense) + (1 | game_id)
   Data: g

      AIC       BIC    logLik  deviance  df.resid 
 394770.7  395036.7 -197356.3  394712.7     71177 

Scaled residuals: 
    Min      1Q  Median      3Q     Max 
-3.9452 -0.6454 -0.0346  0.5742  5.6167 

Random effects:
 Groups  Name        Variance  Std.Dev. 
 game_id (Intercept) 2.352e-10 1.534e-05
 defense (Intercept) 1.489e-01 3.859e-01
 offense (Intercept) 1.928e-01 4.391e-01
Number of obs: 71206, groups:  game_id, 35603; defense, 4576; offense, 4576

Fixed effects:
                   Estimate Std. Error z value Pr(>|z|)    
(Intercept)        2.234037   0.040658   54.95  < 2e-16 ***
year2003          -0.002552   0.053428   -0.05 0.961897    
year2004           0.019803   0.053107    0.37 0.709227    
year2005           0.011951   0.052697    0.23 0.820594    
year2006           0.074097   0.052361    1.42 0.157032    
year2007           0.100099   0.051775    1.93 0.053192 .  
year2008           0.157521   0.051169    3.08 0.002081 ** 
year2009           0.158122   0.050481    3.13 0.001734 ** 
year2010           0.150501   0.049635    3.03 0.002428 ** 
year2011           0.133489   0.049326    2.71 0.006805 ** 
year2012           0.183752   0.048802    3.77 0.000166 ***
year2013           0.106182   0.047891    2.22 0.026612 *  
year2014           0.089087   0.047400    1.88 0.060177 .  
year2015           0.090087   0.046904    1.92 0.054773 .  
fielddefense_home -0.047846   0.004859   -9.85  < 2e-16 ***
fieldoffense_home  0.037028   0.004821    7.68 1.59e-14 ***
d_div2             0.520134   0.028488   18.26  < 2e-16 ***
d_div3             0.724298   0.026125   27.72  < 2e-16 ***
o_div2            -0.497445   0.030147  -16.50  < 2e-16 ***
o_div3            -0.735755   0.027080  -27.17  < 2e-16 ***
game_length1 OT    0.091542   0.008512   10.75  < 2e-16 ***
game_length2 OT    0.103327   0.008629   11.97  < 2e-16 ***
game_length3 OT    0.115355   0.017413    6.62 3.48e-11 ***
game_length4 OT    0.106872   0.039216    2.73 0.006426 ** 
game_length5 OT   -0.015584   0.076867   -0.20 0.839335    
game_length6 OT    0.195874   0.194667    1.01 0.314319    
---
Signif. codes:  0 *** 0.001 ** 0.01 * 0.05 . 0.1   1
[1] TRUE
