[1] 1056    7
[1] TRUE
[1] 1056    6
start par. =  1 1 1 fn =  7403.371 
At return
eval:  40 fn:      5755.0906 par:  0.00000 0.0717193 0.0807456
(NM) 20: f = 5755.09 at          0  0.0717193  0.0807456    2.68293 -0.0493952 -0.0355039 -0.0186625 -0.0669048  -0.120258  -0.198926  -0.124495   -0.15464  -0.154059  -0.110685   0.056478  -0.533868   0.058757
(NM) 40: f = 5755.09 at          0  0.0717193  0.0807456    2.68293 -0.0493952 -0.0355039 -0.0186625 -0.0669048  -0.120258  -0.198926  -0.124495   -0.15464  -0.154059  -0.110685   0.056478  -0.533868   0.058757
(NM) 60: f = 5755.09 at          0  0.0717193  0.0807456    2.68293 -0.0493952 -0.0355039 -0.0186625 -0.0669048  -0.120258  -0.198926  -0.124495   -0.15464  -0.154059  -0.110685   0.056478  -0.533868   0.058757
(NM) 80: f = 5755.09 at          0  0.0717193  0.0807456    2.68293 -0.0493952 -0.0355039 -0.0186625 -0.0669048  -0.120258  -0.198926  -0.124495   -0.15464  -0.154059  -0.110685   0.056478  -0.533868   0.058757
(NM) 100: f = 5755.08 at 0.000596381   0.0715257   0.0803969     2.68034  -0.0491113   -0.035462  -0.0175242  -0.0679966   -0.116535   -0.201912   -0.125394   -0.155378     -0.1551   -0.112552   0.0574963   -0.515083   0.0601546
(NM) 120: f = 5755.07 at 0.00161105  0.0712945  0.0811828    2.67995  -0.050719 -0.0363591 -0.0199419 -0.0661773  -0.119253  -0.197561  -0.125162  -0.155277  -0.155489  -0.111372  0.0574731  -0.517238  0.0604364
(NM) 140: f = 5755.06 at 0.00111321  0.0716224  0.0804322    2.67984 -0.0499829 -0.0374931 -0.0184661 -0.0675968  -0.121207   -0.20019  -0.123776  -0.153591  -0.153397  -0.110985  0.0573402  -0.520413  0.0598316
(NM) 160: f = 5755.06 at 0.00140619  0.0720788  0.0810879    2.67898 -0.0497374 -0.0355028  -0.018716 -0.0667162  -0.119768  -0.198497  -0.124292  -0.154406  -0.154225  -0.110971  0.0572447  -0.521069  0.0598047
(NM) 180: f = 5755.06 at 0.000978095   0.0717463   0.0806785     2.68051  -0.0498272   -0.035725  -0.0188174  -0.0673439   -0.120284   -0.199255   -0.124273   -0.154545   -0.154142   -0.111252   0.0570633   -0.524015   0.0594823
(NM) 200: f = 5755.06 at 0.00103783  0.0715102  0.0805802    2.67974   -0.04913 -0.0348233 -0.0198358  -0.067276  -0.120504  -0.198998  -0.123868   -0.15423  -0.153476  -0.110987  0.0570209  -0.525886   0.059105
(NM) 220: f = 5755.05 at 0.000808678    0.071765   0.0808128     2.67974  -0.0488612  -0.0353267  -0.0186983   -0.066783   -0.120002   -0.198478   -0.124122   -0.153961   -0.153206   -0.110603   0.0566201   -0.528542   0.0587534
(NM) 240: f = 5755.05 at 0.000808678    0.071765   0.0808128     2.67974  -0.0488612  -0.0353267  -0.0186983   -0.066783   -0.120002   -0.198478   -0.124122   -0.153961   -0.153206   -0.110603   0.0566201   -0.528542   0.0587534
(NM) 260: f = 5755.05 at 0.000705187   0.0716084   0.0807704     2.67961  -0.0485773  -0.0350986  -0.0180321   -0.066504   -0.119844   -0.198484   -0.124275   -0.154047   -0.153249   -0.111404   0.0567269   -0.533235   0.0585414
(NM) 280: f = 5755.05 at 0.000705187   0.0716084   0.0807704     2.67961  -0.0485773  -0.0350986  -0.0180321   -0.066504   -0.119844   -0.198484   -0.124275   -0.154047   -0.153249   -0.111404   0.0567269   -0.533235   0.0585414
(NM) 300: f = 5755.05 at 0.000276993   0.0718058   0.0808043     2.67937  -0.0484126  -0.0347294   -0.017981  -0.0653707   -0.119221   -0.197843   -0.124207    -0.15367   -0.152878   -0.110882    0.056401   -0.535166   0.0584768
(NM) 320: f = 5755.05 at  0.0006496  0.0717503  0.0808061    2.67937 -0.0485658  -0.034919 -0.0182021 -0.0660841  -0.119621  -0.198372  -0.124203  -0.154056  -0.152999  -0.110819  0.0565574  -0.534726   0.058737
(NM) 340: f = 5755.05 at 0.000527609   0.0718058   0.0807433     2.67952  -0.0483807  -0.0346203  -0.0182021  -0.0662194   -0.119632   -0.198135   -0.123909   -0.154241   -0.153148   -0.110904   0.0564842   -0.533509   0.0585865
(NM) 360: f = 5755.05 at 0.000321148   0.0717816   0.0807458      2.6794  -0.0483338  -0.0346971  -0.0180335  -0.0658075   -0.119788   -0.198103   -0.123885   -0.153926   -0.153068   -0.110839   0.0563771   -0.534126   0.0587968
(NM) 380: f = 5755.05 at 0.000203273   0.0717522   0.0807375     2.67938  -0.0485127  -0.0345617  -0.0180543  -0.0657399   -0.119448   -0.198156   -0.123687   -0.153952   -0.152939   -0.110891   0.0563822   -0.532886   0.0588662
(NM) 400: f = 5755.05 at 0.000222406   0.0717464   0.0807239     2.67934  -0.0485196  -0.0345909  -0.0180007  -0.0658818   -0.119678    -0.19812    -0.12358   -0.153943   -0.153266   -0.110772   0.0564373   -0.532907   0.0589921
(NM) 420: f = 5755.05 at 0.000179035   0.0717231     0.08073     2.67937  -0.0485565   -0.034517  -0.0179229   -0.065888   -0.119409   -0.198174   -0.123712   -0.153858   -0.153178   -0.110727   0.0564575   -0.533454   0.0588234
(NM) 440: f = 5755.05 at 0.000160996     0.07177   0.0807402     2.67925  -0.0484492  -0.0345879  -0.0177964  -0.0659405   -0.119361   -0.198032   -0.123519   -0.153842   -0.153295   -0.110754   0.0564325   -0.533642   0.0588539
(NM) 460: f = 5755.05 at 8.01523e-05   0.0717277    0.080729     2.67931   -0.048615  -0.0346819  -0.0177753  -0.0659239   -0.119297   -0.197989   -0.123495   -0.153656   -0.153211    -0.11053   0.0564022   -0.533506   0.0588634
(NM) 480: f = 5755.05 at 8.01523e-05   0.0717277    0.080729     2.67931   -0.048615  -0.0346819  -0.0177753  -0.0659239   -0.119297   -0.197989   -0.123495   -0.153656   -0.153211    -0.11053   0.0564022   -0.533506   0.0588634
(NM) 500: f = 5755.05 at 6.33505e-05   0.0717132   0.0807378     2.67931  -0.0485335  -0.0345479  -0.0177524  -0.0660436   -0.119325   -0.198113   -0.123386   -0.153713   -0.153231   -0.110628   0.0564091   -0.533542   0.0588375
(NM) 520: f = 5755.05 at 7.27543e-05   0.0717405   0.0807665     2.67929  -0.0485559  -0.0346464  -0.0177465  -0.0660192   -0.119252   -0.198101   -0.123401   -0.153628    -0.15321   -0.110426   0.0564322    -0.53349   0.0587853
(NM) 540: f = 5755.05 at 0.000116961   0.0717194   0.0807837     2.67927    -0.04859  -0.0346298  -0.0177765  -0.0660122   -0.119295    -0.19813   -0.123458   -0.153696   -0.153226   -0.110563   0.0564671   -0.533669   0.0587833
(NM) 560: f = 5755.05 at 7.43612e-05   0.0717397   0.0807768     2.67925  -0.0485188  -0.0345702  -0.0177678  -0.0659581   -0.119275   -0.198092   -0.123461   -0.153695   -0.153135   -0.110452   0.0564206   -0.533941   0.0588014
(NM) 580: f = 5755.05 at 7.21841e-05   0.0717404   0.0807625     2.67924  -0.0485503   -0.034568  -0.0177653  -0.0658916   -0.119308   -0.198118   -0.123409   -0.153683   -0.153184   -0.110448   0.0564266   -0.533746   0.0587875
(NM) 600: f = 5755.05 at 6.47005e-05   0.0717389   0.0807641     2.67924  -0.0485499   -0.034577  -0.0177729  -0.0658891   -0.119332   -0.198125   -0.123398   -0.153664   -0.153181   -0.110415   0.0564323   -0.533702   0.0587871
(NM) 620: f = 5755.05 at 5.76415e-05   0.0717424   0.0807773     2.67922  -0.0485149  -0.0345839   -0.017789  -0.0658964   -0.119381   -0.198109   -0.123392    -0.15363   -0.153193   -0.110378   0.0564562    -0.53376   0.0587973
(NM) 640: f = 5755.05 at 6.61731e-05   0.0717336   0.0807781     2.67923  -0.0485322  -0.0345772   -0.017805  -0.0658997   -0.119385   -0.198125   -0.123421   -0.153641   -0.153168   -0.110389   0.0564559   -0.533928   0.0587896
(NM) 660: f = 5755.05 at 5.70024e-05    0.071734   0.0807725     2.67922  -0.0485075  -0.0345538  -0.0177628  -0.0659294   -0.119349   -0.198118   -0.123378   -0.153657   -0.153192   -0.110423   0.0564511   -0.534068   0.0587888
(NM) 680: f = 5755.05 at 5.49137e-05   0.0717354   0.0807765     2.67923  -0.0485165  -0.0345799  -0.0177892  -0.0659179   -0.119384   -0.198108   -0.123386   -0.153637   -0.153176   -0.110407   0.0564611     -0.5339   0.0587859
(NM) 700: f = 5755.05 at 3.47186e-05   0.0717339   0.0807846     2.67922  -0.0484888  -0.0345304  -0.0177672  -0.0659641    -0.11935   -0.198102   -0.123334   -0.153679   -0.153146   -0.110386   0.0564612   -0.534033   0.0587636
(NM) 720: f = 5755.05 at 3.71662e-05   0.0717305   0.0807796     2.67921   -0.048516  -0.0345374  -0.0177521  -0.0659913   -0.119277   -0.198064   -0.123321   -0.153675   -0.153161   -0.110398    0.056471    -0.53401   0.0587747
(NM) 740: f = 5755.05 at 2.97032e-05    0.071732   0.0807788     2.67921  -0.0484988  -0.0345299  -0.0177292  -0.0659562    -0.11931   -0.198063   -0.123321   -0.153668   -0.153123   -0.110402   0.0564473   -0.534095   0.0587748
(NM) 760: f = 5755.05 at 4.82752e-06   0.0717327    0.080786     2.67918  -0.0484763  -0.0345192  -0.0177309   -0.065953   -0.119321   -0.198043   -0.123249   -0.153665   -0.153096   -0.110344   0.0564716   -0.534068   0.0587706
(NM) 780: f = 5755.05 at 3.27166e-05   0.0717354   0.0807852     2.67917  -0.0484944  -0.0345146  -0.0177171  -0.0659064   -0.119333   -0.197991   -0.123235   -0.153672   -0.153035   -0.110353     0.05647   -0.533957   0.0587728
(NM) 800: f = 5755.05 at 3.85422e-05   0.0717412   0.0807817     2.67915  -0.0485019  -0.0344925  -0.0176952  -0.0658815   -0.119266   -0.197964   -0.123224   -0.153662   -0.153022   -0.110361    0.056473   -0.534075   0.0587767
(NM) 820: f = 5755.05 at 3.85422e-05   0.0717412   0.0807817     2.67915  -0.0485019  -0.0344925  -0.0176952  -0.0658815   -0.119266   -0.197964   -0.123224   -0.153662   -0.153022   -0.110361    0.056473   -0.534075   0.0587767
(NM) 840: f = 5755.05 at 1.38074e-05   0.0717392   0.0807854     2.67912  -0.0484825   -0.034461  -0.0176639  -0.0658464   -0.119255   -0.197936   -0.123191   -0.153627   -0.152985   -0.110328    0.056476   -0.534259   0.0587831
(NM) 860: f = 5755.05 at 2.53136e-05   0.0717465    0.080782      2.6791  -0.0484799   -0.034442  -0.0176393  -0.0658033   -0.119251   -0.197906   -0.123183   -0.153605    -0.15298   -0.110334     0.05648   -0.534237   0.0587868
(NM) 880: f = 5755.05 at          0  0.0717489  0.0807753    2.67904 -0.0484321 -0.0343738 -0.0175716  -0.065771  -0.119232  -0.197855  -0.123144  -0.153541  -0.152953   -0.11025  0.0564867  -0.534312  0.0588205
(NM) 900: f = 5755.05 at 9.57317e-07    0.071756   0.0807784     2.67902  -0.0484077   -0.034343  -0.0175435  -0.0657422   -0.119244   -0.197836    -0.12313     -0.1535   -0.152939    -0.11024   0.0564864   -0.534262     0.05882
(NM) 920: f = 5755.05 at 1.87413e-05   0.0717542   0.0807814     2.67904  -0.0484231  -0.0343674  -0.0175897  -0.0657917   -0.119241   -0.197844    -0.12316   -0.153524   -0.152963   -0.110249   0.0564912    -0.53418   0.0588093
(NM) 940: f = 5755.05 at 3.24662e-05   0.0717601   0.0807801     2.67906  -0.0484109  -0.0343619  -0.0176014  -0.0657938   -0.119262   -0.197894   -0.123182   -0.153511   -0.152947   -0.110289   0.0564857   -0.534009   0.0588006
(NM) 960: f = 5755.05 at 3.18328e-05   0.0717609     0.08078     2.67904     -0.0484  -0.0343449  -0.0175902   -0.065788    -0.11926   -0.197885   -0.123174   -0.153496   -0.152939   -0.110273   0.0564877   -0.534016   0.0588044
(NM) 980: f = 5755.05 at 3.26829e-05   0.0717624    0.080785     2.67902  -0.0483835  -0.0343145  -0.0175605   -0.065809   -0.119196   -0.197813   -0.123133    -0.15349   -0.152899   -0.110257   0.0564932   -0.534101    0.058793
(NM) 1000: f = 5755.05 at 2.95068e-05   0.0717607   0.0807804       2.679  -0.0483563  -0.0342699  -0.0175213   -0.065796   -0.119188   -0.197815     -0.1231   -0.153459   -0.152866   -0.110236   0.0564956   -0.534168    0.058798
(NM) 1020: f = 5755.05 at 2.66826e-05   0.0717604     0.08078     2.67902  -0.0483665  -0.0343008  -0.0175648  -0.0658191    -0.11921   -0.197839   -0.123109   -0.153492   -0.152899   -0.110227   0.0564939   -0.534032   0.0587903
(NM) 1040: f = 5755.05 at 2.57102e-05   0.0717629   0.0807781     2.67897  -0.0483335  -0.0342495  -0.0174969   -0.065802   -0.119161   -0.197764   -0.123066   -0.153435   -0.152854   -0.110194   0.0564949   -0.534094   0.0588043
(NM) 1060: f = 5755.05 at 1.8499e-05  0.0717626   0.080781    2.67899 -0.0483577 -0.0343005 -0.0175312 -0.0657802  -0.119193  -0.197796  -0.123087   -0.15345  -0.152898  -0.110206  0.0564885  -0.534104  0.0587987
(NM) 1080: f = 5755.05 at 2.04654e-05   0.0717621   0.0807813     2.67899  -0.0483199  -0.0342916  -0.0175199  -0.0657948   -0.119188   -0.197808   -0.123059   -0.153421   -0.152876   -0.110209   0.0564846   -0.534094   0.0587699
(NM) 1100: f = 5755.05 at 1.32594e-05   0.0717656   0.0807772     2.67895  -0.0482775   -0.034249  -0.0174612  -0.0657687    -0.11916   -0.197749   -0.123007   -0.153365   -0.152832   -0.110155   0.0564828   -0.534026   0.0587758
(NM) 1120: f = 5755.05 at 1.08736e-05   0.0717635   0.0807769     2.67895  -0.0482937  -0.0342609  -0.0174929  -0.0657318   -0.119191   -0.197769   -0.123016   -0.153377    -0.15283   -0.110152   0.0564857   -0.534015   0.0587773
(NM) 1140: f = 5755.05 at 9.79268e-06    0.071766   0.0807764     2.67893  -0.0482729  -0.0342448  -0.0174716  -0.0657123   -0.119175   -0.197745   -0.122991   -0.153345   -0.152807   -0.110131   0.0564842   -0.533993   0.0587746
(NM) 1160: f = 5755.05 at 9.78004e-06   0.0717729    0.080775     2.67885  -0.0482225  -0.0341744  -0.0173798   -0.065644   -0.119069   -0.197621   -0.122895   -0.153248   -0.152708    -0.11006    0.056484   -0.534005   0.0587796
(NM) 1180: f = 5755.05 at          0  0.0717686  0.0807725    2.67885 -0.0482082 -0.0341971  -0.017384 -0.0656387  -0.119079  -0.197646  -0.122891  -0.153229   -0.15274   -0.11005  0.0564799  -0.534079  0.0587833
(NM) 1200: f = 5755.05 at 1.17829e-05    0.071769   0.0807714     2.67887  -0.0482379   -0.034194  -0.0174341  -0.0656435   -0.119071   -0.197671   -0.122913   -0.153271    -0.15272   -0.110069   0.0564885    -0.53395   0.0587776
(NM) 1220: f = 5755.05 at 3.51955e-06   0.0717657   0.0807655     2.67882  -0.0482048   -0.034167  -0.0173888  -0.0655972   -0.119018    -0.19762   -0.122835   -0.153224   -0.152686   -0.110016   0.0564879   -0.534068   0.0587792
(NM) 1240: f = 5755.05 at 1.40829e-05   0.0717666   0.0807631     2.67883  -0.0482069  -0.0341768   -0.017417  -0.0656122   -0.119026   -0.197655   -0.122869    -0.15322   -0.152703   -0.110022   0.0564885   -0.533933   0.0587847
(NM) 1260: f = 5755.05 at 9.96831e-06   0.0717668   0.0807615      2.6788  -0.0481764  -0.0341328  -0.0173813  -0.0655957   -0.118978   -0.197598   -0.122814   -0.153189   -0.152651   -0.109993   0.0564938   -0.533978   0.0587811
(NM) 1280: f = 5755.05 at 1.64847e-05   0.0717663   0.0807649     2.67884  -0.0482174  -0.0341785   -0.017416  -0.0656162   -0.119021   -0.197653   -0.122888   -0.153228   -0.152711   -0.110056    0.056492   -0.534062    0.058784
(NM) 1300: f = 5755.05 at 1.76463e-05   0.0717672   0.0807631      2.6788  -0.0481833  -0.0341391  -0.0173783  -0.0655963    -0.11897   -0.197596   -0.122838   -0.153185   -0.152663   -0.110016   0.0564963   -0.534076   0.0587839
(NM) 1320: f = 5755.05 at 1.98742e-05   0.0717668   0.0807626     2.67881  -0.0481782  -0.0341621  -0.0173686  -0.0655984   -0.118992   -0.197616   -0.122861   -0.153172   -0.152687   -0.110047   0.0564882   -0.534126   0.0587838
(NM) 1340: f = 5755.05 at 2.58598e-05    0.071764    0.080756      2.6788  -0.0481724  -0.0341479  -0.0173768  -0.0655945    -0.11896   -0.197624   -0.122851   -0.153172   -0.152672   -0.110041   0.0564916   -0.534073   0.0587915
(NM) 1360: f = 5755.05 at 2.47425e-05   0.0717645   0.0807531     2.67878  -0.0481345  -0.0341157  -0.0173559  -0.0655776   -0.118954   -0.197596   -0.122809   -0.153138   -0.152643   -0.109998   0.0564921   -0.534035   0.0587895
(NM) 1380: f = 5755.05 at 3.27549e-05    0.071765   0.0807532     2.67877   -0.048145  -0.0341144  -0.0173601  -0.0655548   -0.118936   -0.197596   -0.122824   -0.153137   -0.152619    -0.11002   0.0564948   -0.534058   0.0587928
(NM) 1400: f = 5755.05 at 3.31192e-05   0.0717614   0.0807494     2.67877  -0.0481171  -0.0341008  -0.0173482  -0.0655915   -0.118923   -0.197591     -0.1228   -0.153136   -0.152619   -0.110005   0.0564947   -0.534027   0.0587886
(NM) 1420: f = 5755.05 at 3.06591e-05   0.0717634   0.0807511     2.67875  -0.0481124  -0.0340978  -0.0173499  -0.0655585   -0.118926   -0.197578   -0.122784   -0.153124   -0.152604   -0.109983   0.0564958   -0.534039   0.0587818
(NM) 1440: f = 5755.05 at 3.81974e-05   0.0717636   0.0807524     2.67874  -0.0481027  -0.0340803  -0.0173335  -0.0655417   -0.118917   -0.197557   -0.122784   -0.153116   -0.152571   -0.109995   0.0564977   -0.534109   0.0587847
(NM) 1460: f = 5755.05 at 5.54442e-05   0.0717601    0.080756     2.67877  -0.0481073  -0.0341194  -0.0173626  -0.0655704    -0.11894   -0.197595   -0.122825   -0.153157   -0.152583   -0.110027   0.0564934   -0.534136   0.0587762
(NM) 1480: f = 5755.05 at 6.03023e-05   0.0717615   0.0807496     2.67869  -0.0480175  -0.0340344  -0.0172823  -0.0655102   -0.118878    -0.19749   -0.122729   -0.153074   -0.152499   -0.109957      0.0565   -0.534233   0.0587717
(NM) 1500: f = 5755.05 at 6.6222e-05  0.0717633  0.0807534    2.67871 -0.0480502 -0.0340824 -0.0172848 -0.0655148  -0.118907  -0.197511  -0.122771  -0.153127  -0.152527  -0.109981  0.0564874   -0.53419  0.0587829
(NM) 1520: f = 5755.05 at 6.97307e-05   0.0717606   0.0807493     2.67872  -0.0480394  -0.0340746  -0.0172903  -0.0655471   -0.118914   -0.197528   -0.122779   -0.153139   -0.152546   -0.109979   0.0564917   -0.534146   0.0587828
(NM) 1540: f = 5755.05 at 7.0107e-05  0.0717606  0.0807478    2.67871 -0.0480371 -0.0340743 -0.0172825 -0.0655437  -0.118909  -0.197525  -0.122775  -0.153141  -0.152546  -0.109973  0.0564903  -0.534137  0.0587867
(NM) 1560: f = 5755.05 at 7.24141e-05    0.071766   0.0807445     2.67865  -0.0479811  -0.0340303  -0.0172246  -0.0654858   -0.118877   -0.197456   -0.122714   -0.153091   -0.152502   -0.109901   0.0564901   -0.534144   0.0587889
(NM) 1580: f = 5755.05 at 7.26015e-05   0.0717633   0.0807481     2.67867  -0.0479966  -0.0340531  -0.0172442  -0.0654898   -0.118875   -0.197468   -0.122723   -0.153105   -0.152496   -0.109923   0.0564887   -0.534166   0.0587808
(NM) 1600: f = 5755.05 at 7.26015e-05   0.0717633   0.0807481     2.67867  -0.0479966  -0.0340531  -0.0172442  -0.0654898   -0.118875   -0.197468   -0.122723   -0.153105   -0.152496   -0.109923   0.0564887   -0.534166   0.0587808
(NM) 1620: f = 5755.05 at 7.41442e-05   0.0717634   0.0807463     2.67866  -0.0479897  -0.0340504  -0.0172401  -0.0654871   -0.118865   -0.197469   -0.122721   -0.153103   -0.152499   -0.109915   0.0564907   -0.534153   0.0587825
(NM) 1640: f = 5755.05 at 7.06282e-05   0.0717662   0.0807493     2.67866  -0.0479997  -0.0340577  -0.0172386  -0.0654938   -0.118868   -0.197466   -0.122731    -0.15311   -0.152507   -0.109913   0.0564911   -0.534091   0.0587809
(NM) 1660: f = 5755.05 at 6.93665e-05   0.0717669   0.0807538     2.67868   -0.048014  -0.0340681  -0.0172489  -0.0654898   -0.118891   -0.197478   -0.122748   -0.153122   -0.152504   -0.109932   0.0564904   -0.534112    0.058777
(NM) 1680: f = 5755.05 at 6.71504e-05   0.0717641   0.0807502     2.67868  -0.0480198  -0.0340691  -0.0172538  -0.0655165   -0.118874   -0.197492   -0.122753   -0.153133   -0.152522    -0.10994   0.0564939   -0.534086     0.05878
(NM) 1700: f = 5755.05 at 6.62564e-05   0.0717643   0.0807536     2.67868  -0.0480147  -0.0340852  -0.0172438  -0.0655296   -0.118875   -0.197493   -0.122763   -0.153141    -0.15253   -0.109941    0.056494   -0.534028   0.0587721
(NM) 1720: f = 5755.05 at 5.86639e-05   0.0717672   0.0807538     2.67867  -0.0480103  -0.0340575  -0.0172332  -0.0655141   -0.118872   -0.197476    -0.12275   -0.153111   -0.152512   -0.109931   0.0564983   -0.534006   0.0587724
(NM) 1740: f = 5755.05 at 6.35721e-05    0.071766   0.0807525     2.67865  -0.0479838  -0.0340394  -0.0172036  -0.0654973   -0.118839   -0.197448   -0.122733   -0.153085   -0.152485   -0.109931    0.056502   -0.534072   0.0587699
(NM) 1760: f = 5755.05 at 5.98422e-05   0.0717653   0.0807532     2.67864   -0.047975  -0.0340333  -0.0172021  -0.0654755   -0.118849    -0.19744   -0.122712   -0.153087   -0.152465   -0.109913   0.0565012   -0.534098   0.0587656
(NM) 1780: f = 5755.05 at 5.05022e-05   0.0717636   0.0807512     2.67861  -0.0479482  -0.0340084  -0.0171804  -0.0654587   -0.118821   -0.197428   -0.122688   -0.153067   -0.152441   -0.109888    0.056514    -0.53405   0.0587543
(NM) 1800: f = 5755.05 at 4.87005e-05   0.0717616   0.0807485     2.67862  -0.0479544  -0.0340181  -0.0171719  -0.0654605    -0.11882   -0.197437   -0.122693   -0.153063   -0.152459   -0.109904   0.0565092   -0.534113    0.058763
(NM) 1820: f = 5755.05 at 3.5756e-05  0.0717601  0.0807462    2.67859 -0.0479344 -0.0340044 -0.0171338 -0.0654287  -0.118816  -0.197428  -0.122674  -0.153044  -0.152438  -0.109883  0.0565116  -0.534049  0.0587638
(NM) 1840: f = 5755.05 at 3.5756e-05  0.0717601  0.0807462    2.67859 -0.0479344 -0.0340044 -0.0171338 -0.0654287  -0.118816  -0.197428  -0.122674  -0.153044  -0.152438  -0.109883  0.0565116  -0.534049  0.0587638
(NM) 1860: f = 5755.05 at 3.5756e-05  0.0717601  0.0807462    2.67859 -0.0479344 -0.0340044 -0.0171338 -0.0654287  -0.118816  -0.197428  -0.122674  -0.153044  -0.152438  -0.109883  0.0565116  -0.534049  0.0587638
(NM) 1880: f = 5755.05 at 3.0393e-05  0.0717607  0.0807493     2.6786 -0.0479444 -0.0340137 -0.0171377 -0.0654284  -0.118817  -0.197434  -0.122678   -0.15305  -0.152432  -0.109889   0.056511  -0.534001  0.0587605
(NM) 1900: f = 5755.05 at 3.29424e-05   0.0717606   0.0807492      2.6786  -0.0479468    -0.03401  -0.0171404  -0.0654247    -0.11883   -0.197431   -0.122679   -0.153063   -0.152429   -0.109887   0.0565099   -0.534018   0.0587646
(NM) 1920: f = 5755.05 at 4.07641e-05   0.0717613   0.0807485     2.67861  -0.0479547  -0.0340211  -0.0171508   -0.065438   -0.118828   -0.197437   -0.122694   -0.153074   -0.152447   -0.109893   0.0565077    -0.53401   0.0587696
(NM) 1940: f = 5755.05 at 3.81286e-05    0.071763   0.0807505      2.6786   -0.047951  -0.0340143    -0.01715  -0.0654274    -0.11883   -0.197432   -0.122689   -0.153063   -0.152431   -0.109884   0.0565092   -0.533955   0.0587652
(NM) 1960: f = 5755.05 at 3.71086e-05   0.0717619    0.080748      2.6786  -0.0479446  -0.0340088  -0.0171463  -0.0654165    -0.11883   -0.197433   -0.122683   -0.153054   -0.152429   -0.109877   0.0565098   -0.533956   0.0587676
(NM) 1980: f = 5755.05 at 3.53279e-05    0.071761   0.0807476     2.67861  -0.0479581  -0.0340207    -0.01715  -0.0654249   -0.118834   -0.197447   -0.122698   -0.153071   -0.152441   -0.109886   0.0565084   -0.533911   0.0587733
(NM) 2000: f = 5755.05 at 4.18426e-05   0.0717618    0.080748     2.67861  -0.0479562   -0.034019  -0.0171653  -0.0654252   -0.118838   -0.197451   -0.122703   -0.153064   -0.152441   -0.109887   0.0565094   -0.533925   0.0587702
(NM) 2020: f = 5755.05 at 3.78392e-05   0.0717608   0.0807479     2.67861   -0.047953  -0.0340145   -0.017157  -0.0654254   -0.118839   -0.197448   -0.122696   -0.153064   -0.152436   -0.109888   0.0565093   -0.533943     0.05877
(NM) 2040: f = 5755.05 at 4.02443e-05   0.0717609   0.0807475      2.6786  -0.0479425  -0.0340108  -0.0171489  -0.0654213   -0.118829   -0.197438   -0.122689   -0.153059   -0.152429   -0.109879   0.0565101   -0.533932   0.0587681
(NM) 2060: f = 5755.05 at 4.39141e-05   0.0717609   0.0807475      2.6786  -0.0479443  -0.0340098  -0.0171557  -0.0654309   -0.118831   -0.197443   -0.122699   -0.153055   -0.152432   -0.109887   0.0565101   -0.533918   0.0587701
(NM) 2080: f = 5755.05 at 4.39141e-05   0.0717609   0.0807475      2.6786  -0.0479443  -0.0340098  -0.0171557  -0.0654309   -0.118831   -0.197443   -0.122699   -0.153055   -0.152432   -0.109887   0.0565101   -0.533918   0.0587701
Generalized linear mixed model fit by maximum likelihood (Laplace
  Approximation) [glmerMod]
 Family: poisson  ( log )
Formula: gs ~ year + field + game_length + (1 | offense) + (1 | defense) +  
    (1 | game_id)
   Data: g
      AIC       BIC    logLik  deviance  df.resid 
 5789.050  5873.408 -2877.525  5755.050      1039 
Random effects:
 Groups  Name        Std.Dev. 
 game_id (Intercept) 4.391e-05
 defense (Intercept) 7.176e-02
 offense (Intercept) 8.075e-02
Number of obs: 1056, groups:  game_id, 528; defense, 104; offense, 104
Fixed Effects:
      (Intercept)           year2006           year2007           year2008  
          2.67860           -0.04794           -0.03401           -0.01716  
         year2009           year2010           year2011           year2012  
         -0.06543           -0.11883           -0.19744           -0.12270  
         year2013           year2014           year2015  fieldoffense_home  
         -0.15305           -0.15243           -0.10989            0.05651  
   game_length2OT      game_lengthOT  
         -0.53392            0.05877  
Generalized linear mixed model fit by maximum likelihood (Laplace
  Approximation) [glmerMod]
 Family: poisson  ( log )
Formula: gs ~ year + field + game_length + (1 | offense) + (1 | defense) +  
    (1 | game_id)
   Data: g

     AIC      BIC   logLik deviance df.resid 
  5789.1   5873.4  -2877.5   5755.1     1039 

Scaled residuals: 
    Min      1Q  Median      3Q     Max 
-2.6572 -0.6262 -0.0285  0.5862  3.1632 

Random effects:
 Groups  Name        Variance  Std.Dev. 
 game_id (Intercept) 1.928e-09 4.391e-05
 defense (Intercept) 5.150e-03 7.176e-02
 offense (Intercept) 6.520e-03 8.075e-02
Number of obs: 1056, groups:  game_id, 528; defense, 104; offense, 104

Fixed effects:
                  Estimate Std. Error z value Pr(>|z|)    
(Intercept)        2.67860    0.12005  22.313  < 2e-16 ***
year2006          -0.04794    0.12622  -0.380 0.704064    
year2007          -0.03401    0.12646  -0.269 0.787973    
year2008          -0.01716    0.12614  -0.136 0.891819    
year2009          -0.06543    0.13053  -0.501 0.616172    
year2010          -0.11883    0.13063  -0.910 0.363010    
year2011          -0.19744    0.13164  -1.500 0.133636    
year2012          -0.12270    0.12820  -0.957 0.338516    
year2013          -0.15305    0.12794  -1.196 0.231586    
year2014          -0.15243    0.12798  -1.191 0.233611    
year2015          -0.10989    0.12970  -0.847 0.396881    
fieldoffense_home  0.05651    0.01670   3.384 0.000714 ***
game_length2OT    -0.53392    0.26395  -2.023 0.043096 *  
game_lengthOT      0.05877    0.02917   2.014 0.043964 *  
---
Signif. codes:  0 ‘***’ 0.001 ‘**’ 0.01 ‘*’ 0.05 ‘.’ 0.1 ‘ ’ 1

Correlation of Fixed Effects:
            (Intr) yr2006 yr2007 yr2008 yr2009 yr2010 yr2011 yr2012 yr2013
year2006    -0.946                                                        
year2007    -0.944  0.899                                                 
year2008    -0.947  0.901  0.899                                          
year2009    -0.915  0.871  0.870  0.872                                   
year2010    -0.914  0.870  0.868  0.870  0.841                            
year2011    -0.907  0.863  0.862  0.864  0.835  0.834                     
year2012    -0.932  0.886  0.884  0.887  0.857  0.856  0.850              
year2013    -0.933  0.888  0.887  0.889  0.860  0.858  0.852  0.874       
year2014    -0.933  0.888  0.887  0.888  0.859  0.858  0.852  0.874  0.876
year2015    -0.921  0.876  0.875  0.877  0.848  0.846  0.840  0.862  0.865
fildffns_hm -0.072  0.001  0.000  0.000  0.000  0.001  0.000  0.001  0.000
gm_lngth2OT  0.000  0.000  0.000  0.000  0.000  0.000  0.000  0.000  0.000
gam_lngthOT -0.001 -0.021 -0.028 -0.018 -0.039 -0.022 -0.023 -0.004 -0.022
            yr2014 yr2015 fldff_ gm_2OT
year2006                               
year2007                               
year2008                               
year2009                               
year2010                               
year2011                               
year2012                               
year2013                               
year2014                               
year2015     0.864                     
fildffns_hm  0.001  0.000              
gm_lngth2OT -0.020  0.000 -0.002       
gam_lngthOT -0.027 -0.027  0.000  0.002
[1] TRUE
